DY
267
44
F1R;F1S;F2R;F2S;F3R;F3S;F4R;F4S;F5R;F5S;F6R;F6S;F7R;F7S;F8R;F8S;F9R;F9S;F10R;F10S;F11R;F11S;F12R;F12S;F13R;F13S;F14R;F14S;F15R;F15S;F16R;F16S;F17R;F17S;F18R;F18S;F19R;F19S;F20R;F20S;F21R;F21S;F22R;F22S
1;0.6000;0.5167;0.7272;0.6600;0.8524;0.6406;0.7968;0.6508;0.7077;0.5357;0.8714;0.8428;0.8084;0.9422;0.7962;0.8260;0.8311;0.6111;0.5098;0.6250;0.6400;0.5652;0.7894;0.7924;0.7611;0.7837;0.6666;0.5362;0.8181;0.6619;0.9024;0.8666;0.7551;0.7968;0.8275;0.6718;0.6170;0.6229;0.8472;0.7466;0.8960;0.8799;0.7464;0.9130;1
1;0.8166;0.6833;0.7045;0.6600;0.9343;0.8905;0.8281;0.7142;0.8768;0.7321;0.8428;0.8285;0.8510;0.8845;0.8703;0.9130;0.8960;0.8888;0.6078;0.7500;0.7400;0.8260;0.8245;0.8867;0.9253;0.8513;0.8472;0.7681;0.8787;0.8732;0.8048;0.8133;0.6938;0.7656;0.8103;0.9062;0.6383;0.6885;0.8055;0.8933;0.8051;0.8399;0.6338;0.7826;1
1;0.7999;0.6833;0.7272;0.6000;0.7540;0.6094;0.9062;0.7142;0.8922;0.8392;0.8714;0.8428;0.7659;0.7115;0.7037;0.7681;0.9090;0.8333;0.7843;0.8905;0.8799;0.7391;0.4737;0.2831;0.6119;0.4189;0.9582;0.7391;0.8939;0.7323;0.8048;0.7866;0.6530;0.6875;0.9482;0.8905;0.7021;0.7704;0.7361;0.6533;0.7272;0.4400;0.5634;0.6087;1
1;0.7666;0.8333;0.7272;0.8799;0.6557;0.5937;0.7187;0.7142;0.7230;0.6607;0.7857;0.8142;0.8297;0.9038;0.7777;0.7246;0.7402;0.6111;0.5294;0.6562;0.6200;0.5652;0.8245;0.7924;0.7761;0.7297;0.6805;0.5362;0.8636;0.9295;0.7317;0.8933;0.6938;0.7500;0.7413;0.7500;0.7021;0.7704;0.8472;0.8933;0.8181;0.7999;0.6760;0.8550;1
1;0.7833;0.7500;0.5227;0.6400;0.6557;0.5156;0.7500;0.7777;0.9230;0.8214;0.7285;0.8428;0.8297;0.8269;0.7407;0.7391;0.9220;0.8888;0.6862;0.8124;0.9399;0.8043;0.8070;0.7169;0.4328;0.4189;0.4306;0.3334;0.6818;0.5493;0.8780;0.8533;0.7551;0.7812;0.8448;0.8749;0.7872;0.7868;0.8194;0.7733;0.7142;0.6266;0.5352;0.5362;1
1;0.5667;0.7999;0.6818;0.8199;0.7868;0.7656;0.8124;0.8095;0.6923;0.6964;0.8714;0.8856;0.8723;0.7884;0.7037;0.7246;0.7402;0.6111;0.7058;0.7031;0.8599;0.6521;0.8771;0.7358;0.7910;0.7702;0.8472;0.5507;0.7272;0.8591;0.8780;0.8666;0.7142;0.7500;0.7758;0.7031;0.7659;0.8032;0.9444;0.9466;0.8701;0.8266;0.7042;0.8840;1
1;0.7666;0.7500;0.5454;0.8199;0.7540;0.7187;0.7968;0.8888;0.8768;0.8571;0.7857;0.8142;0.8297;0.9999;0.7962;0.8115;0.8830;0.9166;0.5882;0.6875;0.7200;0.5869;0.7719;0.6981;0.7910;0.6892;0.8472;0.6956;0.8333;0.8168;0.9024;0.8533;0.7142;0.7500;0.8792;0.8905;0.8297;0.8852;0.8055;0.8266;0.8441;0.8666;0.7323;0.7970;1
1;0.6333;0.6500;0.5000;0.5600;0.7049;0.7343;0.7343;0.7460;0.9538;0.8214;0.9285;0.8285;0.8935;0.8269;0.9814;0.9564;0.9220;0.8194;0.7843;0.7656;0.6600;0.4783;0.6666;0.5283;0.8059;0.7972;0.8333;0.6087;0.7727;0.7323;0.8048;0.7466;0.5510;0.6250;0.8275;0.8281;0.7021;0.6885;0.6805;0.6933;0.7142;0.7866;0.5352;0.6956;1
1;0.7000;0.6833;0.6591;0.6800;0.7213;0.6562;0.7812;0.8095;0.7999;0.6071;0.8856;0.8571;0.7659;0.7884;0.6111;0.7101;0.8311;0.7083;0.7647;0.7656;0.8799;0.7826;0.9297;0.8679;0.6119;0.5540;0.5555;0.2754;0.8333;0.8168;0.8536;0.8533;0.6530;0.6875;0.8448;0.7812;0.8723;0.7377;0.9166;0.9732;0.8181;0.8266;0.6760;0.7536;1
1;0.8499;0.8666;0.7727;0.8999;0.7377;0.5625;0.8593;0.7301;0.8153;0.7500;0.9571;0.8856;0.6383;0.5577;0.4630;0.4058;0.7662;0.5417;0.6274;0.7187;0.8599;0.6521;0.5965;0.4717;0.5970;0.4054;0.8472;0.4638;0.6363;0.8168;0.8536;0.8533;0.6122;0.6875;0.7930;0.7656;0.8510;0.8360;0.7083;0.8133;0.7142;0.6400;0.5915;0.6087;1
1;0.7833;0.7999;0.5000;0.5600;0.6065;0.5469;0.7812;0.9047;0.8768;0.8392;0.8856;0.7999;0.7659;0.8076;0.8518;0.8260;0.9480;0.8888;0.5490;0.7343;0.6200;0.7391;0.5088;0.5283;0.6268;0.5135;0.8333;0.7536;0.8333;0.8591;0.8536;0.8533;0.6734;0.6718;0.8620;0.8437;0.6595;0.8196;0.7361;0.9332;0.7662;0.7066;0.6056;0.6521;1
1;0.7333;0.7500;0.6136;0.8599;0.7377;0.7031;0.7968;0.8253;0.9230;0.8035;0.9285;0.8571;0.8723;0.9230;0.9444;0.9130;0.9220;0.8610;0.6666;0.6875;0.8399;0.6521;0.8596;0.7735;0.8656;0.8648;0.7500;0.4928;0.8636;0.8591;0.9755;0.9066;0.9591;0.8124;0.9309;0.9062;0.7659;0.7377;0.7500;0.7333;0.8830;0.8666;0.7464;0.9130;1
1;0.8833;0.7999;0.9090;0.7799;0.7704;0.6562;0.8437;0.7936;0.9999;0.8571;0.9713;0.8714;0.9999;0.9038;0.9444;0.9130;0.9480;0.7916;0.9019;0.9687;0.8199;0.8260;0.8420;0.8301;0.8059;0.9459;0.7916;0.7246;0.8181;0.7042;0.7073;0.8799;0.4490;0.7187;0.7586;0.7187;0.2979;0.5082;0.8888;0.7866;0.8960;0.8266;0.5634;0.6377;1
1;0.7833;0.7999;0.6591;0.6400;0.7704;0.5469;0.8593;0.9047;0.8922;0.8035;0.8571;0.8428;0.9999;0.9807;0.8703;0.8115;0.9609;0.9027;0.5490;0.5781;0.6400;0.5435;0.7894;0.6603;0.7015;0.6216;0.6666;0.4783;0.8181;0.7605;0.8536;0.8399;0.7959;0.6718;0.8620;0.8281;0.8510;0.8196;0.8749;0.8266;0.9350;0.8133;0.7605;0.8405;1
1;0.9166;0.8666;0.6818;0.7999;0.7704;0.6875;0.6562;0.8571;0.8615;0.8035;0.8856;0.8714;0.7234;0.8269;0.7592;0.8550;0.8181;0.7916;0.5098;0.7656;0.7799;0.6739;0.5789;0.5660;0.7761;0.8107;0.7916;0.7246;0.8030;0.7746;0.8536;0.8799;0.6734;0.7031;0.7758;0.8281;0.7446;0.7704;0.8333;0.7466;0.8311;0.7866;0.7042;0.7970;1
1;0.7333;0.5000;0.7954;0.6200;0.7868;0.4844;0.7968;0.6825;0.7999;0.6071;0.8142;0.7857;0.8084;0.6538;0.8703;0.7246;0.8441;0.7083;0.5882;0.6562;0.8199;0.6304;0.7193;0.5094;0.7761;0.6621;0.7916;0.6232;0.8636;0.7464;0.8048;0.7466;0.6122;0.5469;0.8275;0.7187;0.8084;0.7213;0.8749;0.7200;0.9220;0.7599;0.7183;0.7536;1
1;0.7833;0.5500;0.6363;0.6400;0.9016;0.3282;0.8281;0.6032;0.8615;0.5357;0.9999;0.6571;0.7446;0.5769;0.8333;0.3479;0.9090;0.6666;0.8039;0.5312;0.9199;0.3696;0.8596;0.4151;0.6865;0.3244;0.8472;0.3479;0.6969;0.7323;0.6829;0.8533;0.6938;0.6094;0.7241;0.6562;0.6808;0.6229;0.7500;0.5067;0.8830;0.3734;0.5634;0.3479;1
1;0.6666;0.7000;0.7045;0.7599;0.7540;0.5781;0.6875;0.5873;0.8615;0.5536;0.8142;0.8428;0.8723;0.9614;0.7592;0.7246;0.7532;0.5972;0.6862;0.6875;0.7200;0.5869;0.7894;0.6792;0.6716;0.6621;0.7361;0.5217;0.8030;0.7464;0.9024;0.9066;0.9183;0.7812;0.8275;0.7031;0.8935;0.8524;0.9166;0.8133;0.9480;0.7999;0.7464;0.7826;1
1;0.6500;0.5833;0.6363;0.4600;0.8688;0.7812;0.7343;0.6190;0.8153;0.6607;0.8999;0.7714;0.8297;0.7115;0.8148;0.8840;0.8181;0.7638;0.7058;0.8593;0.8799;0.7391;0.7719;0.5849;0.7462;0.8918;0.7500;0.7101;0.8030;0.7605;0.8292;0.7866;0.6326;0.6718;0.7758;0.7656;0.8510;0.9016;0.9027;0.8133;0.9350;0.8399;0.7183;0.7826;1
1;0.9499;0.8833;0.9999;0.8599;0.8688;0.7656;0.8124;0.9047;0.7999;0.6964;0.8856;0.8714;0.8723;0.8461;0.7222;0.8405;0.8181;0.7916;0.5490;0.6875;0.6600;0.7608;0.7543;0.8113;0.7015;0.7837;0.7638;0.7536;0.8030;0.8309;0.7560;0.9066;0.6938;0.7187;0.7241;0.8124;0.7234;0.7868;0.8749;0.8666;0.7921;0.8399;0.6760;0.8405;1
1;0.6666;0.6166;0.6363;0.4200;0.5738;0.5156;0.7500;0.8571;0.4923;0.4643;0.7428;0.6857;0.9361;0.7500;0.9258;0.9419;0.7142;0.7638;0.6470;0.7187;0.7200;0.7391;0.7543;0.7547;0.9701;0.9323;0.8610;0.7826;0.8787;0.8450;0.8780;0.8533;0.6530;0.6718;0.9137;0.8905;0.6808;0.7213;0.8194;0.8399;0.8571;0.8266;0.6619;0.8260;1
1;0.7833;0.7333;0.6136;0.5600;0.7704;0.6562;0.8749;0.8571;0.7692;0.6964;0.7857;0.7000;0.7872;0.8845;0.7592;0.7826;0.8830;0.8333;0.7647;0.8281;0.8199;0.8260;0.7368;0.7169;0.8208;0.7972;0.8194;0.7681;0.5454;0.5774;0.8292;0.8266;0.7551;0.8905;0.9482;0.9374;0.8935;0.8688;0.8610;0.8799;0.8830;0.8266;0.7605;0.8695;1
1;0.6333;0.7000;0.4546;0.5600;0.5738;0.5469;0.7187;0.8729;0.7538;0.6250;0.7571;0.8428;0.5106;0.5961;0.7962;0.7826;0.9090;0.9027;0.7058;0.9062;0.9399;0.9564;0.7368;0.7358;0.8507;0.8513;0.8472;0.7826;0.5454;0.5070;0.4878;0.7333;0.5714;0.7031;0.7930;0.9218;0.7872;0.9016;0.8055;0.8533;0.7792;0.7999;0.7605;0.8405;1
1;0.7833;0.7166;0.3182;0.4800;0.8852;0.9999;0.7656;0.8253;0.2154;0.1429;0.5000;0.6143;0.4681;0.5961;0.3149;0.4638;0.4675;0.3611;0.0001;0.0001;0.4600;0.2609;0.6842;0.7547;0.1642;0.5405;0.0001;0.2030;0.0607;0.1832;0.2440;0.8399;0.6734;0.8437;0.2242;0.0001;0.1490;0.0821;0.2778;0.3200;0.6753;0.7866;0.4226;0.7681;1
1;0.8666;0.8333;0.3637;0.3400;0.5246;0.3906;0.7343;0.7777;0.5231;0.5893;0.0001;0.0001;0.2341;0.3846;0.7037;0.7536;0.9090;0.9166;0.2157;0.4375;0.6400;0.4131;0.6666;0.7735;0.6268;0.7297;0.6527;0.7101;0.6212;0.4789;0.3415;0.5733;0.6122;0.7343;0.9309;0.8124;0.0001;0.0821;0.7361;0.6400;0.4026;0.5067;0.4789;0.6956;1
1;0.8999;0.6666;0.5454;0.6800;0.6721;0.5156;0.7968;0.7619;0.9999;0.8749;0.9285;0.9285;0.8510;0.9038;0.7222;0.7101;0.9609;0.8749;0.5098;0.6406;0.7200;0.7826;0.7368;0.6792;0.6567;0.6351;0.6805;0.5362;0.8484;0.8872;0.8292;0.9332;0.7551;0.8437;0.8275;0.8593;0.7234;0.7868;0.8333;0.8133;0.7142;0.6933;0.5915;0.7681;1
1;0.8666;0.8499;0.8408;0.8999;0.8360;0.6718;0.9062;0.9047;0.8768;0.7857;0.8856;0.9285;0.7446;0.8653;0.6296;0.7246;0.8571;0.8055;0.6274;0.7500;0.8199;0.6087;0.7368;0.6226;0.6865;0.6486;0.8333;0.6232;0.8181;0.8309;0.8780;0.9199;0.7142;0.7812;0.8620;0.7968;0.8297;0.8360;0.8610;0.7333;0.6104;0.4800;0.3240;0.4783;1
1;0.9166;0.9166;0.7500;0.7599;0.7213;0.7187;0.8437;0.8571;0.8922;0.7500;0.7714;0.9142;0.7021;0.8653;0.6666;0.7101;0.8051;0.7500;0.7450;0.8749;0.8999;0.8695;0.7193;0.6415;0.7015;0.5135;0.7500;0.6666;0.7424;0.7323;0.7804;0.8666;0.6326;0.6875;0.7930;0.7500;0.9361;0.9507;0.7083;0.8133;0.5065;0.4533;0.4648;0.3768;1
1;0.7666;0.7833;0.8408;0.7999;0.9343;0.7343;0.8437;0.8253;0.7538;0.6250;0.8714;0.8428;0.9148;0.8461;0.8703;0.8695;0.8441;0.7083;0.5294;0.7656;0.6200;0.5869;0.8245;0.8679;0.7761;0.8378;0.7500;0.6521;0.7727;0.7887;0.8780;0.9066;0.7755;0.7968;0.8792;0.8124;0.6170;0.7377;0.7361;0.7066;0.8960;0.8933;0.7323;0.9130;1
1;0.8166;0.7500;0.8408;0.6600;0.6557;0.5312;0.6718;0.6825;0.7538;0.8035;0.9142;0.9142;0.7234;0.3846;0.7037;0.6956;0.8571;0.7916;0.6470;0.7968;0.6400;0.7608;0.7368;0.6603;0.8358;0.8783;0.8610;0.7391;0.5303;0.5634;0.8536;0.9332;0.7142;0.9218;0.7586;0.7656;0.6595;0.8032;0.6250;0.6133;0.8311;0.9999;0.6760;0.9999;1
1;0.6833;0.7166;0.7272;0.8199;0.8032;0.7187;0.8281;0.8095;0.7230;0.6785;0.7285;0.7999;0.8084;0.7307;0.8518;0.9275;0.8571;0.8055;0.5098;0.7187;0.4000;0.4348;0.6140;0.6415;0.8507;0.8783;0.7500;0.6666;0.8181;0.8168;0.5610;0.6533;0.4898;0.5469;0.8448;0.8281;0.5957;0.6229;0.7361;0.7866;0.8571;0.8666;0.6479;0.8550;1
1;0.8166;0.7000;0.6818;0.5600;0.8360;0.5937;0.9062;0.6508;0.6923;0.4821;0.9285;0.8999;0.4894;0.5577;0.3704;0.4203;0.6623;0.5694;0.4314;0.6094;0.8399;0.8260;0.5263;0.4340;0.3433;0.4189;0.6805;0.5797;0.4243;0.3944;0.6829;0.8133;0.9591;0.8749;0.6034;0.5156;0.6383;0.7213;0.5833;0.4933;0.4286;0.3600;0.2958;0.3189;1
1;0.9332;0.9499;0.6363;0.5800;0.7868;0.5781;0.8905;0.7936;0.9230;0.8749;0.8856;0.9428;0.9148;0.7115;0.8333;0.7826;0.9480;0.8333;0.6470;0.7968;0.7200;0.6739;0.4386;0.3019;0.1642;0.2703;0.8055;0.6087;0.8030;0.8309;0.8048;0.8666;0.5714;0.6562;0.8448;0.7812;0.7021;0.8360;0.8194;0.9066;0.3766;0.3334;0.0001;0.1160;1
1;0.7166;0.9999;0.8408;0.7599;0.7868;0.6562;0.8281;0.9682;0.8461;0.9106;0.9285;0.8999;0.7872;0.6923;0.6481;0.7101;0.9220;0.8749;0.4118;0.7031;0.7599;0.8260;0.4912;0.3397;0.3732;0.4324;0.7916;0.8115;0.7272;0.7605;0.8292;0.8533;0.6734;0.7343;0.8448;0.8281;0.5745;0.8688;0.4861;0.6933;0.3896;0.3867;0.1832;0.2319;1
1;0.7000;0.7500;0.7500;0.7599;0.7540;0.7812;0.8593;0.9999;0.8922;0.9285;0.8428;0.9142;0.8084;0.7692;0.7407;0.9130;0.8571;0.9027;0.7254;0.8749;0.7999;0.8695;0.7368;0.6792;0.6716;0.7162;0.7083;0.5652;0.7424;0.8591;0.8780;0.8533;0.7551;0.7031;0.8792;0.9374;0.7021;0.8524;0.7222;0.7866;0.7792;0.7866;0.5915;0.5507;1
1;0.7999;0.8999;0.8636;0.7999;0.8196;0.6718;0.7187;0.7619;0.8768;0.9463;0.9142;0.8856;0.5745;0.5769;0.8888;0.8840;0.8701;0.8749;0.7647;0.8593;0.7000;0.8260;0.7368;0.7547;0.8507;0.8918;0.7638;0.6377;0.6969;0.8872;0.8048;0.8799;0.6734;0.7812;0.8965;0.9062;0.5532;0.7540;0.7361;0.7200;0.8701;0.7066;0.6197;0.8550;1
1;0.7833;0.7500;0.6363;0.6800;0.8196;0.6875;0.6718;0.6508;0.8615;0.8035;0.5571;0.5857;0.8723;0.8269;0.9258;0.7970;0.8830;0.8610;0.8823;0.9999;0.9199;0.9130;0.7017;0.7358;0.5970;0.5540;0.8194;0.6811;0.8030;0.8450;0.6585;0.8799;0.6122;0.7187;0.8103;0.8124;0.8084;0.8032;0.8194;0.8666;0.8051;0.7466;0.5774;0.7101;1
1;0.8333;0.9166;0.6818;0.7999;0.5738;0.5312;0.8124;0.8888;0.6461;0.4643;0.9142;0.9428;0.3192;0.4808;0.0371;0.1595;0.7402;0.6250;0.4118;0.5781;0.8799;0.8478;0.3509;0.3962;0.1046;0.1082;0.6944;0.4783;0.8181;0.9013;0.5853;0.6000;0.4286;0.5000;0.8275;0.8124;0.6170;0.6557;0.6389;0.8799;0.3377;0.2934;0.0564;0.1015;1
1;0.7500;0.9166;0.9317;0.8799;0.6885;0.7500;0.7343;0.9206;0.7999;0.8749;0.8856;0.9285;0.7446;0.8269;0.6481;0.7101;0.7532;0.7222;0.3334;0.7343;0.5600;0.7391;0.4561;0.7547;0.3582;0.5135;0.6111;0.5362;0.5454;0.6901;0.8292;0.9599;0.7551;0.9999;0.6034;0.7343;0.6383;0.8524;0.6527;0.7733;0.6104;0.6533;0.5352;0.6666;1
1;0.7500;0.7166;0.6136;0.6800;0.6885;0.6094;0.8749;0.8412;0.9691;0.8928;0.9856;0.9285;0.8084;0.8269;0.7037;0.7681;0.9090;0.7916;0.5490;0.7031;0.7999;0.7173;0.7368;0.6981;0.5373;0.7162;0.7500;0.3913;0.8030;0.7323;0.8780;0.8666;0.7346;0.7500;0.7758;0.7500;0.7872;0.8360;0.8749;0.8133;0.5974;0.5333;0.4789;0.5942;1
1;0.6500;0.7666;0.5909;0.7200;0.6229;0.5156;0.7187;0.8571;0.7384;0.7857;0.8142;0.7999;0.8723;0.8269;0.6851;0.7970;0.7921;0.8749;0.5686;0.7500;0.7599;0.8043;0.7368;0.7735;0.7015;0.7027;0.6944;0.7246;0.7878;0.8732;0.9511;0.8933;0.6734;0.7187;0.7930;0.8437;0.8297;0.9179;0.8333;0.8666;0.8571;0.8133;0.7746;0.8260;0
1;0.6500;0.7666;0.6818;0.7200;0.7213;0.7031;0.8124;0.9047;0.8768;0.8571;0.8285;0.8714;0.8297;0.8845;0.8888;0.9130;0.9480;0.8888;0.6078;0.7812;0.7400;0.7173;0.7543;0.7924;0.7611;0.8243;0.6944;0.7391;0.8030;0.8732;0.9511;0.9332;0.8367;0.8437;0.9137;0.9374;0.8297;0.8688;0.8610;0.9466;0.8701;0.9066;0.7464;0.8985;0
1;0.6000;0.7833;0.7045;0.6600;0.7868;0.5312;0.8905;0.8412;0.8307;0.7678;0.9428;0.8714;0.8935;0.7307;0.7962;0.6811;0.8830;0.7638;0.6666;0.7968;0.7799;0.7173;0.9297;0.8867;0.8507;0.7972;0.8472;0.7101;0.8333;0.8168;0.8780;0.8266;0.6326;0.7031;0.8103;0.7968;0.8510;0.8688;0.9721;0.9199;0.8960;0.7599;0.8168;0.8985;0
1;0.8666;0.8999;0.7272;0.8599;0.7540;0.7812;0.8437;0.8729;0.8461;0.7857;0.8999;0.8714;0.7659;0.8461;0.7592;0.8985;0.9480;0.8194;0.6274;0.7187;0.7599;0.7608;0.7894;0.6792;0.8507;0.8378;0.9305;0.7536;0.8787;0.9436;0.8780;0.8933;0.7142;0.8437;0.9137;0.8749;0.7021;0.7377;0.8194;0.8933;0.7921;0.7999;0.6619;0.7970;0
1;0.8999;0.9666;0.9317;0.8599;0.8688;0.7968;0.8593;0.9682;0.8153;0.8214;0.7857;0.7714;0.8935;0.8653;0.9073;0.8695;0.8311;0.8610;0.5490;0.7031;0.7200;0.5869;0.8596;0.6981;0.8358;0.7837;0.7777;0.6377;0.8484;0.8591;0.8292;0.8799;0.8571;0.7812;0.7930;0.8905;0.7872;0.8524;0.8610;0.9332;0.9609;0.8666;0.7605;0.8550;0
1;0.7500;0.7166;0.8181;0.9199;0.9016;0.7343;0.8905;0.8729;0.8461;0.7500;0.9142;0.9713;0.9786;0.9422;0.7962;0.8115;0.8311;0.7777;0.6862;0.6718;0.8399;0.9130;0.7543;0.6792;0.7611;0.7297;0.7777;0.6232;0.6212;0.6901;0.7560;0.8533;0.6326;0.7656;0.6379;0.7031;0.3617;0.5410;0.8610;0.8533;0.8311;0.7599;0.4366;0.5362;0
1;0.8833;0.8666;0.8181;0.8399;0.6393;0.6875;0.8593;0.8888;0.8615;0.8392;0.9571;0.9571;0.5319;0.6538;0.8518;0.8840;0.8311;0.7638;0.7450;0.8124;0.8799;0.8912;0.5439;0.6792;0.9402;0.8513;0.9027;0.7681;0.6818;0.8168;0.9755;0.8933;0.9387;0.8593;0.8275;0.7968;0.6808;0.7213;0.9305;0.8266;0.9090;0.7999;0.7183;0.8115;0
1;0.6333;0.9166;0.7500;0.6800;0.9179;0.6875;0.8749;0.7777;0.7999;0.9463;0.8571;0.9856;0.9148;0.8461;0.8888;0.8840;0.8701;0.8610;0.5098;0.8437;0.6600;0.8478;0.6491;0.6226;0.7462;0.8107;0.7361;0.6956;0.8787;0.8591;0.6829;0.8266;0.6326;0.7500;0.8275;0.8124;0.5745;0.8196;0.8749;0.8666;0.8311;0.7999;0.7323;0.7970;0
1;0.7333;0.7333;0.8863;0.7999;0.7540;0.6406;0.7187;0.7936;0.8153;0.7500;0.9142;0.9428;0.7234;0.8845;0.7222;0.7536;0.8051;0.7500;0.7450;0.8593;0.7799;0.7826;0.8245;0.9244;0.8059;0.7972;0.7916;0.6666;0.7575;0.8450;0.9024;0.9466;0.7142;0.7500;0.7758;0.7968;0.8510;0.8852;0.9027;0.9199;0.8701;0.8799;0.7605;0.8695;0
1;0.7999;0.6666;0.8181;0.7999;0.9016;0.7656;0.7500;0.5714;0.8615;0.9999;0.8571;0.9428;0.5532;0.6923;0.8703;0.9275;0.8830;0.7916;0.7254;0.8437;0.8599;0.8260;0.7017;0.6792;0.7611;0.7297;0.8194;0.7246;0.9545;0.9436;0.6829;0.9332;0.7959;0.8593;0.9137;0.7968;0.7872;0.9179;0.9999;0.9332;0.8960;0.8666;0.6056;0.7246;0
1;0.6833;0.8166;0.7500;0.7000;0.8360;0.7031;0.8437;0.9206;0.7538;0.7857;0.8285;0.7999;0.7659;0.8076;0.8888;0.8985;0.9350;0.9027;0.7450;0.8593;0.8799;0.8260;0.9122;0.9244;0.9253;0.8648;0.8888;0.8985;0.9090;0.9577;0.9267;0.8533;0.7551;0.7500;0.9309;0.9218;0.5532;0.7213;0.8333;0.9066;0.8181;0.7866;0.6619;0.7681;0
1;0.8833;0.8999;0.6818;0.8799;0.8196;0.7343;0.7968;0.8729;0.7538;0.7678;0.7999;0.8285;0.7446;0.9038;0.6851;0.7246;0.7792;0.7777;0.4706;0.7187;0.6200;0.6956;0.8245;0.7735;0.6567;0.6756;0.6111;0.5072;0.8181;0.8591;0.8292;0.9199;0.7551;0.8124;0.7413;0.8437;0.7659;0.9179;0.9166;0.9199;0.8960;0.8266;0.7323;0.8260;0
1;0.8499;0.8666;0.7727;0.8199;0.6885;0.5781;0.7187;0.7460;0.9384;0.9285;0.9142;0.9571;0.8084;0.8269;0.7592;0.8550;0.8051;0.8055;0.8627;0.9530;0.8999;0.8695;0.7719;0.7735;0.7164;0.7567;0.8472;0.7246;0.8484;0.8732;0.8780;0.8799;0.7755;0.7968;0.8448;0.8281;0.8084;0.9016;0.7638;0.8399;0.7402;0.7599;0.6197;0.7536;0
1;0.7000;0.7666;0.7045;0.8399;0.6721;0.6718;0.6875;0.7301;0.8153;0.7500;0.8999;0.8714;0.5957;0.9038;0.7962;0.7970;0.7921;0.7083;0.7450;0.7500;0.8199;0.7391;0.7368;0.6981;0.8059;0.7162;0.8333;0.6087;0.8484;0.8732;0.9024;0.9332;0.7551;0.7343;0.7241;0.7343;0.7659;0.7540;0.8055;0.9066;0.8311;0.8266;0.7183;0.7681;0
1;0.6000;0.8999;0.7272;0.8399;0.6721;0.7031;0.6875;0.8571;0.8153;0.8035;0.9142;0.9142;0.8084;0.8653;0.7407;0.7681;0.9220;0.7777;0.8431;0.8124;0.7799;0.7173;0.7543;0.6792;0.8208;0.7837;0.9860;0.7391;0.8636;0.9577;0.9024;0.9066;0.6326;0.7343;0.9309;0.8749;0.6595;0.7540;0.7500;0.8799;0.7272;0.7066;0.5634;0.7391;0
1;0.8833;0.8499;0.7954;0.7000;0.7540;0.7500;0.8281;0.8253;0.7384;0.7678;0.8856;0.7714;0.7234;0.8653;0.8333;0.8550;0.8571;0.8194;0.4902;0.6406;0.6000;0.7826;0.7368;0.8113;0.7910;0.7837;0.7638;0.6232;0.9242;0.9013;0.9267;0.9332;0.6734;0.8124;0.9137;0.8905;0.6170;0.7377;0.8610;0.9332;0.7402;0.8133;0.5774;0.7970;0
1;0.7999;0.8999;0.9090;0.8799;0.7704;0.6562;0.8437;0.8253;0.8461;0.8214;0.8714;0.8999;0.8935;0.8845;0.8148;0.8405;0.8181;0.7777;0.6078;0.7656;0.8399;0.8695;0.8070;0.8113;0.8208;0.8918;0.8194;0.7246;0.8181;0.8168;0.9267;0.9199;0.6734;0.7500;0.7758;0.8281;0.3830;0.6393;0.9166;0.8133;0.9480;0.9066;0.6901;0.7970;0
1;0.9499;0.9166;0.8408;0.8199;0.7868;0.6718;0.8281;0.8729;0.9999;0.9820;0.9285;0.9428;0.8935;0.8076;0.7962;0.8260;0.8311;0.8888;0.7647;0.8749;0.7599;0.8043;0.7193;0.6603;0.7313;0.7027;0.7222;0.7246;0.7272;0.7887;0.8780;0.8799;0.7755;0.7187;0.7069;0.7500;0.9361;0.9179;0.8055;0.8133;0.7792;0.7733;0.7042;0.7826;0
1;0.7500;0.8166;0.6363;0.7599;0.6885;0.7187;0.8749;0.9840;0.7538;0.7321;0.7142;0.7142;0.6170;0.7115;0.7777;0.7826;0.8960;0.9166;0.6666;0.8749;0.7200;0.8260;0.8245;0.8490;0.8507;0.8513;0.9582;0.8260;0.7727;0.7887;0.6585;0.8133;0.6122;0.6875;0.8103;0.8749;0.8935;0.9671;0.9166;0.9466;0.8311;0.9199;0.7605;0.8695;0
1;0.7333;0.6000;0.7954;0.8799;0.6885;0.6718;0.7968;0.8412;0.7538;0.6607;0.6857;0.9142;0.8297;0.8461;0.8518;0.8405;0.8701;0.7916;0.5882;0.9374;0.8599;0.6087;0.7719;0.8113;0.7462;0.8107;0.8610;0.8840;0.8333;0.8732;0.7560;0.8933;0.7551;0.7656;0.8275;0.8437;0.6170;0.8852;0.8055;0.8799;0.8441;0.7999;0.6901;0.7970;0
1;0.8166;0.8833;0.6591;0.7000;0.7868;0.7031;0.8281;0.9682;0.8307;0.8571;0.8856;0.9428;0.7872;0.9999;0.7777;0.8260;0.8701;0.9166;0.6666;0.8281;0.7400;0.8478;0.6491;0.6792;0.6567;0.7027;0.8194;0.6811;0.8333;0.8591;0.7317;0.8666;0.6938;0.7968;0.8275;0.8905;0.8510;0.9671;0.8749;0.9466;0.8571;0.8533;0.7323;0.8840;0
1;0.6500;0.8333;0.9090;0.9999;0.7049;0.6718;0.7968;0.8571;0.6307;0.6250;0.8571;0.8285;0.8297;0.8461;0.5741;0.6521;0.7792;0.7777;0.3726;0.6250;0.7000;0.6739;0.7543;0.7924;0.6268;0.6892;0.6389;0.5797;0.7424;0.8028;0.8780;0.8399;0.6938;0.7656;0.7241;0.7968;0.6595;0.8032;0.8472;0.9466;0.7402;0.7200;0.7042;0.8840;0
1;0.7666;0.9499;0.8181;0.8399;0.8032;0.6562;0.7500;0.8412;0.8615;0.9463;0.9142;0.9142;0.8297;0.9422;0.6481;0.7681;0.8181;0.8194;0.6274;0.8593;0.7999;0.6956;0.5088;0.5660;0.6567;0.7432;0.6805;0.6521;0.8181;0.9295;0.9024;0.8666;0.6122;0.7343;0.7930;0.8593;0.7021;0.9507;0.8194;0.8799;0.7662;0.7999;0.6901;0.7536;0
1;0.6000;0.7333;0.3409;0.5200;0.8360;0.7656;0.7187;0.7777;0.7999;0.8035;0.7571;0.7571;0.8297;0.8076;0.8333;0.9130;0.8960;0.8194;0.6862;0.8281;0.7799;0.8260;0.7894;0.7358;0.8805;0.8783;0.8194;0.6811;0.8181;0.9013;0.7804;0.8666;0.6938;0.7812;0.9309;0.9374;0.5106;0.6393;0.7361;0.8666;0.8441;0.8133;0.5915;0.6521;0
1;0.7166;0.7666;0.5682;0.7200;0.7868;0.7031;0.8124;0.8253;0.7538;0.7142;0.8142;0.7999;0.8084;0.8269;0.8888;0.8550;0.8830;0.8055;0.5882;0.7500;0.7999;0.8260;0.7719;0.7169;0.7910;0.7837;0.8333;0.7826;0.8636;0.9013;0.8292;0.8666;0.6122;0.7343;0.8620;0.9062;0.7872;0.8852;0.9166;0.9732;0.9609;0.9466;0.7746;0.8985;0
1;0.6500;0.7500;0.6363;0.6800;0.8524;0.7968;0.7343;0.8095;0.7692;0.7142;0.7428;0.7999;0.8935;0.9038;0.7407;0.8695;0.8830;0.7916;0.4510;0.6406;0.5800;0.5652;0.6666;0.8301;0.7761;0.8648;0.7638;0.6232;0.8636;0.9154;0.7804;0.9066;0.7959;0.8281;0.9309;0.9062;0.6383;0.7377;0.8194;0.8799;0.9090;0.9466;0.7183;0.7970;0
1;0.7999;0.8333;0.7045;0.7400;0.7213;0.6250;0.8593;0.8412;0.8461;0.7857;0.8285;0.9571;0.9361;0.9230;0.7407;0.7826;0.9220;0.8333;0.4510;0.7656;0.7999;0.8260;0.8947;0.7924;0.8358;0.8107;0.8472;0.7391;0.8333;0.8591;0.7804;0.8666;0.6326;0.6406;0.8103;0.8281;0.8510;0.8688;0.9305;0.9066;0.8181;0.8266;0.6479;0.7391;0
1;0.6666;0.6666;0.8408;0.7599;0.7704;0.7187;0.7500;0.7936;0.7999;0.6071;0.8428;0.8999;0.9361;0.8653;0.8703;0.9275;0.9480;0.8610;0.6470;0.7968;0.8599;0.7826;0.7193;0.8301;0.8059;0.9053;0.6944;0.7391;0.8939;0.9577;0.8048;0.8799;0.7551;0.7031;0.8275;0.8437;0.5319;0.6393;0.8472;0.8799;0.8181;0.8399;0.6479;0.7826;0
1;0.8499;0.9999;0.9545;0.8799;0.8032;0.6875;0.8281;0.9047;0.8768;0.8749;0.8856;0.9142;0.7659;0.7692;0.7222;0.7681;0.8441;0.7916;0.6274;0.8281;0.7599;0.8695;0.7193;0.7924;0.6716;0.7567;0.6805;0.6956;0.7272;0.8168;0.7804;0.8933;0.7142;0.7656;0.8448;0.8437;0.7872;0.9179;0.7222;0.8799;0.8181;0.8266;0.7042;0.8695;0
1;0.7666;0.7166;0.7954;0.7599;0.4590;0.7031;0.7031;0.8095;0.6923;0.6071;0.7571;0.7142;0.9361;0.8845;0.7777;0.7826;0.7792;0.6527;0.5490;0.7187;0.7799;0.7826;0.8947;0.9056;0.9402;0.9594;0.5972;0.6521;0.9242;0.8591;0.9267;0.9066;0.8571;0.8124;0.8620;0.7968;0.5532;0.6557;0.8055;0.7999;0.8960;0.8933;0.7183;0.7970;0
1;0.7833;0.7166;0.6818;0.6600;0.9016;0.6718;0.8593;0.7777;0.8461;0.7500;0.8285;0.7571;0.6383;0.7115;0.8703;0.8550;0.9220;0.7916;0.5882;0.7500;0.7599;0.7608;0.6491;0.6981;0.7611;0.7702;0.7777;0.6811;0.6515;0.7605;0.5610;0.7866;0.7755;0.7812;0.7586;0.7031;0.5106;0.4918;0.8888;0.7733;0.9609;0.8799;0.6760;0.7826;0
1;0.7000;0.7833;0.7272;0.8799;0.7213;0.7343;0.7968;0.8571;0.7999;0.8392;0.8571;0.8714;0.8510;0.7692;0.7222;0.7826;0.8051;0.7083;0.7254;0.9062;0.8599;0.8260;0.7894;0.8301;0.8059;0.8243;0.7500;0.6377;0.8333;0.9717;0.8048;0.9199;0.7551;0.7500;0.8448;0.7812;0.6595;0.8032;0.7777;0.9466;0.7921;0.7733;0.6760;0.7681;0
1;0.6833;0.5333;0.8181;0.7200;0.7213;0.5937;0.7656;0.7936;0.6923;0.6250;0.7571;0.7428;0.8723;0.8845;0.7777;0.7391;0.8051;0.7222;0.5490;0.7031;0.7200;0.7173;0.9122;0.8301;0.9402;0.8378;0.7222;0.5942;0.8484;0.8309;0.8048;0.8933;0.7346;0.7656;0.7758;0.8124;0.6383;0.7704;0.8888;0.9866;0.8960;0.7866;0.8450;0.9130;0
1;0.7833;0.8333;0.7500;0.7999;0.7704;0.6406;0.7968;0.7936;0.8307;0.8392;0.8999;0.8571;0.8084;0.7884;0.7592;0.8405;0.9090;0.8472;0.7843;0.8749;0.8999;0.8912;0.8596;0.8113;0.8805;0.8648;0.9166;0.9419;0.8484;0.9154;0.9024;0.8666;0.6530;0.6250;0.8275;0.8281;0.6595;0.7540;0.8610;0.8799;0.7921;0.7333;0.6056;0.7826;0
1;0.8166;0.8166;0.8408;0.9199;0.8524;0.7031;0.8593;0.8412;0.8307;0.6071;0.8714;0.8285;0.8723;0.9038;0.8148;0.8260;0.8571;0.8055;0.7450;0.8593;0.8999;0.8043;0.9297;0.8867;0.8208;0.7837;0.7777;0.7101;0.8484;0.8591;0.7560;0.8799;0.7142;0.6718;0.8275;0.7812;0.8723;0.9671;0.9721;0.9599;0.9609;0.8933;0.7605;0.8985;0
1;0.7833;0.8999;0.7727;0.7599;0.7540;0.7187;0.7812;0.9206;0.7846;0.8035;0.8856;0.9142;0.8297;0.8845;0.6666;0.7681;0.8311;0.7361;0.7647;0.8437;0.8199;0.8043;0.7543;0.7547;0.7313;0.7432;0.7500;0.5942;0.7575;0.8732;0.9024;0.8799;0.7346;0.7656;0.8275;0.8437;0.7446;0.8524;0.8194;0.8666;0.7662;0.7866;0.6338;0.7246;0
1;0.6000;0.6000;0.6591;0.7400;0.7377;0.6718;0.7343;0.7936;0.6769;0.7142;0.9428;0.7000;0.7446;0.8269;0.9629;0.9130;0.8311;0.7361;0.5294;0.5781;0.5600;0.7608;0.7719;0.7547;0.9551;0.9864;0.9305;0.7681;0.8787;0.9858;0.7804;0.7999;0.5714;0.5937;0.7586;0.7968;0.4894;0.5738;0.8333;0.8266;0.7662;0.7333;0.6338;0.7536;0
1;0.7333;0.7166;0.7954;0.8199;0.9179;0.8124;0.8281;0.7936;0.8153;0.7142;0.8999;0.8999;0.7021;0.7500;0.8333;0.8985;0.8181;0.8055;0.6274;0.6718;0.7599;0.7608;0.6140;0.6038;0.8059;0.8783;0.7500;0.6377;0.7727;0.8732;0.8292;0.8933;0.7346;0.7812;0.7413;0.7968;0.6808;0.6885;0.7916;0.9199;0.8960;0.9599;0.7887;0.9275;0
1;0.7500;0.7333;0.7727;0.7599;0.4262;0.7656;0.8593;0.8571;0.8461;0.7857;0.8571;0.8142;0.7872;0.7500;0.7407;0.8115;0.8441;0.7916;0.6862;0.8905;0.8199;0.8043;0.8070;0.5283;0.5522;0.5676;0.4722;0.7536;0.8636;0.8732;0.9024;0.9332;0.7142;0.7812;0.7930;0.8749;0.8084;0.9016;0.8610;0.9199;0.8181;0.6400;0.6619;0.5797;0
1;0.7166;0.5500;0.7045;0.6400;0.7868;0.6875;0.8437;0.8253;0.7846;0.7142;0.8142;0.7714;0.7659;0.8076;0.8888;0.8695;0.8701;0.8055;0.6078;0.7968;0.7400;0.6956;0.6666;0.7735;0.8208;0.7702;0.7222;0.5797;0.8636;0.8591;0.8780;0.8799;0.7551;0.7968;0.8792;0.8124;0.6808;0.7540;0.7777;0.8399;0.8571;0.7999;0.6760;0.7970;0
1;0.7333;0.7833;0.7954;0.8799;0.7213;0.5937;0.7187;0.6349;0.7846;0.7142;0.8571;0.7999;0.9361;0.8653;0.6666;0.7681;0.7662;0.6250;0.7647;0.8749;0.8399;0.7826;0.9122;0.8867;0.8656;0.8648;0.8333;0.7246;0.7878;0.8450;0.9024;0.8799;0.7142;0.7031;0.7413;0.6718;0.9148;0.9343;0.8749;0.9466;0.9220;0.8799;0.6760;0.9275;1
1;0.8666;0.8833;0.7500;0.7400;0.6721;0.5156;0.7656;0.6984;0.9076;0.8214;0.9285;0.7999;0.8297;0.8269;0.6481;0.7246;0.8701;0.8055;0.6862;0.8593;0.7799;0.7173;0.8245;0.7547;0.8059;0.7297;0.7638;0.7101;0.8636;0.8028;0.8780;0.8133;0.7346;0.7187;0.8275;0.7656;0.7446;0.8360;0.8055;0.7999;0.7662;0.6666;0.6479;0.6956;1
1;0.9999;0.7166;0.6363;0.6600;0.7540;0.7656;0.8281;0.8253;0.7999;0.8214;0.9142;0.8714;0.9786;0.8653;0.9073;0.7101;0.8830;0.7777;0.7450;0.7500;0.8399;0.7173;0.8596;0.6981;0.7611;0.6892;0.7638;0.5217;0.8181;0.7464;0.9267;0.8666;0.8367;0.7500;0.8448;0.7968;0.7659;0.7377;0.7916;0.6400;0.7792;0.7466;0.4507;0.5507;1
1;0.8166;0.7500;0.6136;0.6200;0.7049;0.5625;0.7812;0.9206;0.9384;0.8392;0.8142;0.7571;0.6383;0.7115;0.7962;0.8405;0.8960;0.8749;0.6274;0.6875;0.8199;0.6739;0.7193;0.6226;0.7761;0.7297;0.9027;0.7536;0.8636;0.8732;0.8536;0.8399;0.6734;0.7343;0.8792;0.8593;0.7446;0.7377;0.8333;0.8799;0.7792;0.7333;0.6619;0.8115;1
1;0.6500;0.6500;0.7045;0.5400;0.6885;0.5937;0.7656;0.7619;0.8922;0.7678;0.9428;0.6285;0.8297;0.7115;0.8518;0.8695;0.9220;0.9305;0.8235;0.8281;0.8799;0.7173;0.9122;0.8113;0.9551;0.8243;0.9166;0.7536;0.8030;0.9013;0.7560;0.6933;0.5306;0.5937;0.8275;0.8281;0.5319;0.6229;0.8472;0.8933;0.8571;0.7466;0.5352;0.5507;1
1;0.7500;0.7000;0.6591;0.6600;0.7213;0.7343;0.8281;0.8253;0.8922;0.8749;0.9713;0.8428;0.8510;0.7500;0.8333;0.8840;0.9350;0.9444;0.6274;0.7500;0.8399;0.6304;0.7894;0.6603;0.7761;0.7162;0.8194;0.6956;0.9090;0.8872;0.9999;0.7999;0.7142;0.7031;0.8965;0.8905;0.7872;0.8032;0.9166;0.8666;0.9350;0.8533;0.8028;0.7970;1
1;0.9499;0.9166;0.8863;0.8399;0.7540;0.6718;0.7812;0.8888;0.8768;0.7857;0.9285;0.9428;0.6170;0.8269;0.6481;0.7681;0.7532;0.7916;0.8431;0.8593;0.7200;0.7608;0.5965;0.6415;0.6865;0.7567;0.8472;0.7101;0.6363;0.4648;0.7560;0.8266;0.7959;0.6562;0.6724;0.7031;0.6170;0.7704;0.6666;0.5200;0.6234;0.6666;0.6056;0.7391;1
1;0.7500;0.7000;0.5454;0.4800;0.6393;0.5000;0.7500;0.9206;0.7230;0.5536;0.7142;0.6571;0.3405;0.4231;0.5370;0.6087;0.8960;0.8194;0.4706;0.6562;0.7000;0.8043;0.4035;0.3208;0.6119;0.5135;0.9444;0.8260;0.7727;0.8309;0.7073;0.7200;0.4898;0.5625;0.8275;0.8437;0.8723;0.8524;0.9166;0.9066;0.7921;0.6933;0.6760;0.7536;1
1;0.8999;0.6666;0.7500;0.7000;0.8032;0.6406;0.5625;0.5555;0.8461;0.8035;0.9713;0.8571;0.9999;0.8269;0.7592;0.6666;0.7662;0.7222;0.0785;0.4688;0.7799;0.7826;0.7017;0.7358;0.7611;0.5135;0.1945;0.1160;0.1213;0.1550;0.8048;0.9332;0.5918;0.6562;0.5172;0.4219;0.1703;0.3443;0.1112;0.1334;0.8181;0.8533;0.6338;0.8840;1
1;0.7666;0.7833;0.7954;0.7999;0.6721;0.6562;0.8281;0.8412;0.8461;0.7678;0.8428;0.8999;0.6808;0.7692;0.6481;0.7101;0.8181;0.8194;0.4314;0.7187;0.6400;0.6739;0.7193;0.6981;0.4179;0.4324;0.6527;0.6087;0.8181;0.8450;0.9024;0.9199;0.7551;0.7968;0.7413;0.8124;0.9148;0.9999;0.8749;0.8933;0.7662;0.6400;0.5915;0.5942;1
1;0.7000;0.7999;0.7272;0.7400;0.5738;0.5937;0.6562;0.7936;0.4923;0.5179;0.9571;0.8856;0.3405;0.4039;0.4815;0.6377;0.7142;0.6805;0.2746;0.5312;0.8799;0.5435;0.4211;0.3019;0.6865;0.5000;0.7777;0.6521;0.8787;0.8872;0.9511;0.8533;0.8775;0.6406;0.9137;0.9374;0.7446;0.7540;0.7083;0.7066;0.7013;0.7466;0.5915;0.7391;1
1;0.7000;0.7000;0.7954;0.8199;0.7540;0.5625;0.8593;0.7142;0.7692;0.7142;0.9713;0.8999;0.8935;0.8076;0.6296;0.6377;0.7662;0.7083;0.5294;0.7187;0.8399;0.6956;0.5263;0.3397;0.4030;0.4054;0.5972;0.4928;0.4243;0.5070;0.6097;0.8133;0.5714;0.5937;0.5517;0.5156;0.7021;0.8032;0.5278;0.4933;0.4935;0.4667;0.4226;0.5652;1
1;0.7999;0.8666;0.6136;0.9199;0.6721;0.6562;0.6875;0.9047;0.8307;0.8214;0.8714;0.9713;0.8297;0.8845;0.6481;0.7826;0.8311;0.8610;0.7450;0.8749;0.9399;0.8260;0.6842;0.8490;0.7164;0.7162;0.7361;0.6377;0.6060;0.5493;0.8292;0.8799;0.7959;0.7656;0.7586;0.8124;0.6170;0.7868;0.7083;0.7200;0.7272;0.7999;0.4507;0.7536;1
1;0.6833;0.8999;0.3182;0.2401;0.6229;0.4531;0.9062;0.9206;0.7538;0.8214;0.7142;0.8428;0.0852;0.0001;0.6666;0.7246;0.8311;0.8749;0.3138;0.5937;0.4200;0.8260;0.0703;0.0001;0.4179;0.5000;0.8055;0.8840;0.5454;0.5915;0.1952;0.4000;0.0613;0.1719;0.7069;0.9687;0.3830;0.9016;0.6805;0.6666;0.4675;0.1734;0.3099;0.2609;1
1;0.6500;0.5500;0.6136;0.6200;0.0493;0.0938;0.9062;0.7301;0.6307;0.5714;0.9285;0.8571;0.3192;0.4231;0.1297;0.2464;0.9090;0.8749;0.5294;0.5937;0.7999;0.8260;0.5088;0.2831;0.2239;0.3784;0.6666;0.8840;0.8333;0.8591;0.6585;0.7866;0.6530;0.6875;0.8275;0.8593;0.4681;0.5410;0.7916;0.8666;0.3377;0.2800;0.2254;0.2030;1
1;0.5667;0.3667;0.5454;0.3200;0.3607;0.5000;0.6250;0.3810;0.4923;0.0358;0.6000;0.3429;0.5957;0.7884;0.6481;0.7681;0.3507;0.2917;0.5098;0.7187;0.7799;0.6956;0.6140;0.7358;0.4478;0.5135;0.8194;0.8260;0.2425;0.1691;0.9024;0.9066;0.7551;0.7812;0.3966;0.4375;0.5106;0.4590;0.2223;0.0801;0.4675;0.5866;0.4366;0.6521;1
1;0.7333;0.7333;0.5227;0.5400;0.6393;0.5781;0.8437;0.8571;0.8615;0.8214;0.8714;0.8999;0.8084;0.9038;0.7407;0.8695;0.8960;0.8888;0.5686;0.8281;0.7999;0.7608;0.7543;0.7169;0.8208;0.7702;0.8055;0.7246;0.8484;0.8309;0.9267;0.9066;0.7346;0.7812;0.8620;0.8749;0.7872;0.8360;0.8888;0.7999;0.8571;0.8266;0.6479;0.8550;1
1;0.6500;0.5500;0.7954;0.6800;0.8360;0.7187;0.8593;0.8888;0.7692;0.5357;0.7857;0.6571;0.8723;0.7115;0.8703;0.8985;0.9090;0.8610;0.4706;0.5469;0.5800;0.4131;0.7543;0.4340;0.8954;0.7972;0.8333;0.7681;0.8484;0.8309;0.7317;0.7599;0.6734;0.5469;0.8792;0.9218;0.5745;0.5901;0.8749;0.8266;0.8830;0.7866;0.6338;0.6956;1
1;0.7333;0.6333;0.3637;0.2800;0.6885;0.6562;0.8749;0.9206;0.9076;0.6964;0.6571;0.6428;0.5745;0.4231;0.9073;0.9275;0.9609;0.9166;0.8039;0.8749;0.9799;0.5869;0.5439;0.3397;0.4030;0.3649;0.6389;0.4783;0.6666;0.6056;0.1464;0.4267;0.2041;0.4219;0.9999;0.9999;0.9999;0.8360;0.6944;0.5600;0.7532;0.7066;0.3662;0.4638;1
1;0.7000;0.5833;0.6591;0.4800;0.9016;0.8437;0.7656;0.8095;0.7230;0.5000;0.9285;0.7000;0.8510;0.6923;0.8518;0.9419;0.8830;0.7916;0.6274;0.5156;0.7799;0.5435;0.7719;0.5660;0.7611;0.8648;0.8055;0.5507;0.6969;0.6338;0.8536;0.6800;0.6326;0.6562;0.8620;0.7812;0.4468;0.3279;0.6389;0.6133;0.8571;0.8799;0.6760;0.8840;1
1;0.7999;0.5833;0.8408;0.7999;0.6557;0.6875;0.8124;0.8412;0.8153;0.7321;0.8571;0.8142;0.8084;0.8845;0.7037;0.8115;0.8701;0.7638;0.6862;0.8124;0.7999;0.8912;0.6140;0.5283;0.4030;0.4460;0.8888;0.7970;0.6818;0.8028;0.7804;0.8266;0.5714;0.6094;0.7586;0.7500;0.7872;0.9343;0.6389;0.7599;0.4675;0.7066;0.3240;0.5217;1
1;0.8333;0.6333;0.8636;0.5400;0.7540;0.4219;0.7031;0.4127;0.8922;0.6607;0.9285;0.8571;0.8297;0.9038;0.7407;0.3623;0.8441;0.5278;0.6470;0.5000;0.7400;0.5652;0.7543;0.4906;0.2687;0.1082;0.6389;0.3479;0.6212;0.4789;0.9024;0.7599;0.9999;0.6406;0.7586;0.2032;0.8723;0.6393;0.6527;0.5467;0.4546;0.0134;0.2395;0.2174;1
1;0.8999;0.7999;0.8863;0.8999;0.6393;0.5312;0.6875;0.7619;0.6923;0.5714;0.9285;0.9142;0.5957;0.7307;0.2963;0.4058;0.7792;0.7500;0.3726;0.6718;0.7799;0.6739;0.5614;0.5849;0.4627;0.4324;0.7777;0.4638;0.6060;0.4930;0.6829;0.8533;0.6938;0.6875;0.6379;0.6094;0.5532;0.6557;0.6111;0.4933;0.4675;0.3867;0.3944;0.3189;1
1;0.7166;0.7333;0.7727;0.7999;0.6229;0.5625;0.7187;0.7142;0.7230;0.6428;0.8428;0.8571;0.8297;0.7500;0.6481;0.6377;0.7921;0.7222;0.7450;0.8437;0.8399;0.4131;0.8420;0.7547;0.6268;0.5270;0.8055;0.6811;0.7272;0.7464;0.8292;0.8666;0.6122;0.6406;0.7241;0.7187;0.8723;0.8688;0.8888;0.9066;0.8441;0.7733;0.7323;0.8260;1
1;0.7666;0.9832;0.6591;0.6600;0.6721;0.5625;0.6875;0.7460;0.7692;0.8749;0.9428;0.8999;0.8510;0.9422;0.6111;0.6666;0.8051;0.6805;0.4314;0.7187;0.8799;0.6304;0.7719;0.7547;0.5821;0.4460;0.6805;0.4783;0.7727;0.7887;0.8780;0.8133;0.6326;0.6250;0.7241;0.6562;0.6808;0.8196;0.7638;0.8133;0.8051;0.7999;0.6056;0.7246;1
1;0.8499;0.7666;0.7045;0.8199;0.6229;0.5000;0.7656;0.7619;0.8922;0.7142;0.9713;0.9142;0.8935;0.8076;0.7592;0.6956;0.8830;0.8610;0.7254;0.7343;0.8999;0.6956;0.8420;0.6415;0.7164;0.6892;0.8333;0.6521;0.6969;0.4366;0.8536;0.7599;0.8775;0.6875;0.8448;0.7187;0.7021;0.6557;0.8194;0.5866;0.5195;0.3067;0.3521;0.4493;1
1;0.7166;0.8166;0.9090;0.8199;0.7868;0.6094;0.7656;0.7301;0.8307;0.8392;0.9142;0.9142;0.7234;0.7115;0.5741;0.6377;0.7532;0.6389;0.6470;0.7500;0.8599;0.6304;0.7017;0.5849;0.5821;0.5946;0.6389;0.3768;0.4243;0.5915;0.7804;0.8666;0.7959;0.7968;0.6207;0.6094;0.9148;0.8852;0.7500;0.8399;0.8311;0.7466;0.6619;0.7536;1
1;0.9332;0.6166;0.7954;0.8799;0.7540;0.6250;0.8281;0.8095;0.7999;0.5714;0.9285;0.7999;0.8510;0.7884;0.8703;0.8115;0.8571;0.7361;0.5490;0.5625;0.7599;0.5217;0.8070;0.6603;0.7164;0.6892;0.6944;0.4928;0.7878;0.8591;0.9024;0.8799;0.7755;0.7343;0.8275;0.7656;0.7021;0.6557;0.8333;0.8133;0.8571;0.7999;0.7183;0.8115;1
1;0.6333;0.7500;0.5909;0.6200;0.6721;0.6406;0.8281;0.7460;0.7384;0.7142;0.7714;0.7428;0.7872;0.8076;0.8703;0.8550;0.9350;0.8610;0.6666;0.8124;0.7999;0.8260;0.8771;0.9056;0.9551;0.9459;0.8472;0.8115;0.7878;0.9295;0.7317;0.7200;0.5102;0.6562;0.8620;0.8124;0.6170;0.6885;0.8610;0.8933;0.8051;0.7333;0.6619;0.8260;1
1;0.6666;0.7999;0.7272;0.7599;0.7377;0.7031;0.7031;0.8253;0.9076;0.8035;0.8999;0.9285;0.8084;0.8269;0.8148;0.8840;0.8571;0.7916;0.7843;0.8749;0.7400;0.8043;0.7017;0.6415;0.7462;0.7162;0.7500;0.5942;0.7272;0.8168;0.8536;0.8799;0.7142;0.7968;0.8103;0.8437;0.8084;0.8688;0.7916;0.8533;0.8960;0.8533;0.6338;0.8115;1
1;0.8333;0.7666;0.8181;0.7799;0.9507;0.7812;0.8593;0.9047;0.7538;0.6785;0.8428;0.8714;0.9361;0.9422;0.8888;0.9130;0.8051;0.7500;0.6666;0.7343;0.7799;0.7826;0.8947;0.9056;0.8954;0.8513;0.7361;0.6087;0.8787;0.8591;0.9024;0.9332;0.8163;0.7968;0.9137;0.8437;0.6383;0.6721;0.7916;0.7999;0.8960;0.8399;0.6760;0.7681;1
1;0.7166;0.7833;0.6591;0.7599;0.7213;0.7187;0.7812;0.8095;0.7384;0.8035;0.8285;0.9428;0.9148;0.8461;0.8333;0.8405;0.8571;0.7916;0.8235;0.9374;0.8999;0.8695;0.7193;0.6981;0.8656;0.7972;0.8055;0.6956;0.7424;0.8309;0.8536;0.8933;0.6326;0.7187;0.7930;0.7812;0.7234;0.9343;0.8194;0.9199;0.8960;0.9066;0.7183;0.8840;1
1;0.5333;0.5500;0.7500;0.7999;0.0001;0.0001;0.6094;0.1112;0.8768;0.7500;0.8999;0.9571;0.6808;0.8076;0.6481;0.4348;0.8960;0.7361;0.5490;0.7031;0.8199;0.7608;0.5965;0.4906;0.4478;0.4189;0.7777;0.5362;0.1061;0.1128;0.6585;0.8533;0.7755;0.7968;0.4310;0.3594;0.9361;0.6721;0.1806;0.3867;0.1689;0.2534;0.2536;0.2609;1
1;0.7833;0.7833;0.6818;0.7200;0.5738;0.4531;0.7031;0.7460;0.8615;0.8571;0.9142;0.8714;0.5745;0.5961;0.6851;0.7826;0.9350;0.8333;0.2942;0.4375;0.3800;0.3261;0.5965;0.5472;0.5075;0.5811;0.6527;0.5072;0.8030;0.9154;0.6585;0.7466;0.6938;0.7656;0.8620;0.8905;0.7659;0.8360;0.7777;0.8533;0.6623;0.6533;0.6338;0.6956;1
1;0.7999;0.8333;0.8863;0.9599;0.7049;0.5937;0.8124;0.8095;0.8307;0.7500;0.8714;0.9571;0.7234;0.5961;0.6296;0.7101;0.8701;0.7222;0.7058;0.7968;0.8399;0.8478;0.7017;0.6226;0.7611;0.7702;0.8610;0.7246;0.8333;0.8872;0.8780;0.9066;0.6530;0.7187;0.8965;0.8437;0.9361;0.9179;0.8333;0.9199;0.8701;0.7866;0.7183;0.8115;1
1;0.5667;0.3834;0.8181;0.6800;0.9999;0.7968;0.8905;0.6666;0.8307;0.8035;0.8999;0.8571;0.8297;0.8076;0.8148;0.8840;0.8441;0.7916;0.6666;0.8905;0.7799;0.6739;0.8070;0.7358;0.8507;0.7972;0.6944;0.6666;0.6212;0.7887;0.7073;0.8666;0.9183;0.9374;0.8275;0.8124;0.6383;0.7868;0.8333;0.8666;0.8571;0.7999;0.7746;0.8115;1
1;0.8166;0.8333;0.7272;0.7599;0.6885;0.6875;0.7812;0.8412;0.9076;0.8749;0.9713;0.8999;0.8297;0.8269;0.7777;0.9564;0.8441;0.8749;0.7058;0.8437;0.6800;0.8260;0.6140;0.6603;0.7462;0.7297;0.7083;0.6087;0.8484;0.8309;0.8780;0.8799;0.5918;0.6406;0.8275;0.8749;0.7446;0.8032;0.8055;0.7733;0.6883;0.7200;0.5774;0.7246;1
1;0.6166;0.6166;0.8181;0.6800;0.3771;0.3594;0.9999;0.6349;0.6769;0.4643;0.8571;0.8285;0.2979;0.2885;0.6296;0.5072;0.9350;0.6805;0.5294;0.4219;0.6600;0.2609;0.5263;0.1887;0.1195;0.2298;0.6944;0.6232;0.3788;0.4789;0.6829;0.8133;0.7346;0.8124;0.7069;0.5312;0.7659;0.6065;0.7500;0.6533;0.1819;0.5200;0.0987;0.1885;1
1;0.1667;0.0001;0.0001;0.4000;0.6393;0.4219;0.3125;0.4762;0.2154;0.1251;0.6714;0.6571;0.9361;0.8269;0.6666;0.8695;0.1819;0.0279;0.7843;0.8749;0.7400;0.8260;0.6666;0.6603;0.7462;0.5540;0.7083;0.5797;0.1516;0.2677;0.8292;0.8666;0.4898;0.6562;0.3793;0.3906;0.3405;0.4426;0.0001;0.0934;0.7402;0.7466;0.4930;0.5217;1
1;0.5833;0.8166;0.5454;0.7799;0.2132;0.2500;0.5312;0.5397;0.8153;0.9820;0.8856;0.9428;0.7021;0.7115;0.1852;0.5797;0.7013;0.7361;0.6666;0.7812;0.6400;0.5217;0.5965;0.4906;0.7164;0.7162;0.9027;0.7681;0.4849;0.4648;0.7804;0.8666;0.4898;0.6250;0.7069;0.7656;0.7234;0.9343;0.3473;0.4400;0.2208;0.1467;0.2536;0.2899;1
1;0.5833;0.3167;0.4318;0.1801;0.8688;0.5000;0.8905;0.5238;0.8615;0.6428;0.7714;0.6000;0.9148;0.4231;0.6666;0.9419;0.9999;0.9166;0.4902;0.6562;0.5000;0.4565;0.4912;0.4528;0.5373;0.7702;0.9305;0.8695;0.0001;0.0001;0.1952;0.5733;0.5306;0.6562;0.5690;0.2813;0.4255;0.0001;0.0834;0.0001;0.1299;0.8133;0.2677;0.5217;1
1;0.8999;0.9332;0.7272;0.7400;0.7704;0.6406;0.8437;0.8729;0.9384;0.8928;0.8571;0.9285;0.7234;0.7115;0.6851;0.7246;0.8701;0.8194;0.7058;0.8905;0.8799;0.8478;0.6491;0.6038;0.7164;0.6621;0.8610;0.7391;0.9545;0.9436;0.8780;0.8799;0.7551;0.7656;0.9482;0.9374;0.8084;0.8524;0.8610;0.8933;0.7532;0.7200;0.5774;0.6956;1
1;0.7000;0.7666;0.6591;0.5400;0.5574;0.5000;0.7031;0.8571;0.7999;0.8392;0.7142;0.7142;0.8297;0.8269;0.5555;0.6521;0.7921;0.8333;0.5882;0.7656;0.7000;0.7173;0.6666;0.7169;0.5224;0.4460;0.9999;0.8405;0.8181;0.8028;0.8048;0.7599;0.5102;0.6094;0.7758;0.7968;0.5745;0.7049;0.8749;0.7599;0.7013;0.6666;0.5493;0.6521;1
1;0.8999;0.6333;0.8636;0.8799;0.3115;0.1407;0.8437;0.6825;0.8153;0.0715;0.8428;0.2286;0.3830;0.3462;0.0371;0.8405;0.5584;0.5694;0.5490;0.7187;0.6400;0.3479;0.3334;0.2831;0.0001;0.0001;0.2778;0.0870;0.6515;0.5774;0.7073;0.6133;0.7142;0.5937;0.3793;0.1095;0.6808;0.8196;0.6250;0.6800;0.0001;0.0268;0.0283;0.0870;1
1;0.6833;0.6333;0.8636;0.7599;0.5574;0.4219;0.6562;0.7301;0.8615;0.7321;0.9142;0.8571;0.8084;0.6923;0.6851;0.7101;0.9350;0.7916;0.5294;0.6562;0.6600;0.7173;0.8245;0.6603;0.5522;0.4865;0.8055;0.4928;0.6818;0.5774;0.8780;0.8533;0.9795;0.9218;0.7930;0.7656;0.8510;0.8524;0.8472;0.6000;0.8571;0.4533;0.7042;0.5072;1
1;0.5667;0.7000;0.6591;0.9599;0.7868;0.6562;0.6562;0.7936;0.9538;0.7500;0.8571;0.8428;0.8510;0.8653;0.6666;0.6666;0.8051;0.7222;0.8627;0.7031;0.8199;0.6304;0.7543;0.5849;0.6268;0.5946;0.7361;0.5217;0.6969;0.7464;0.8048;0.8666;0.8979;0.6718;0.7930;0.6406;0.7872;0.7704;0.8610;0.8533;0.7662;0.6666;0.6901;0.7681;1
1;0.5833;0.6000;0.8181;0.7400;0.6229;0.5469;0.5156;0.6190;0.3231;0.3036;0.7714;0.8856;0.8297;0.9038;0.5555;0.7101;0.5714;0.6805;0.1569;0.4219;0.7799;0.8260;0.4737;0.4717;0.6567;0.6756;0.6805;0.6377;0.7121;0.7746;0.9267;0.8933;0.6326;0.6406;0.6034;0.7343;0.4255;0.6393;0.6944;0.9066;0.9350;0.9866;0.7746;0.9275;1
1;0.6333;0.7500;0.5909;0.7999;0.4918;0.4688;0.6718;0.6825;0.8461;0.8035;0.8856;0.9142;0.7872;0.7500;0.5926;0.6521;0.8701;0.7777;0.5882;0.6875;0.6800;0.5652;0.7543;0.5660;0.4627;0.3919;0.8333;0.6956;0.7272;0.6901;0.7560;0.8533;0.6326;0.7187;0.7930;0.7656;0.7234;0.8196;0.6111;0.7333;0.6234;0.4533;0.3662;0.3479;1
1;0.7333;0.9832;0.7954;0.8399;0.8688;0.6875;0.8905;0.9682;0.8461;0.8214;0.8714;0.9571;0.8935;0.9422;0.7777;0.8260;0.7921;0.7638;0.7058;0.8905;0.8599;0.8912;0.7193;0.6981;0.7015;0.7702;0.7500;0.6666;0.8181;0.8309;0.8292;0.8533;0.6734;0.7656;0.8103;0.8281;0.6808;0.8852;0.8055;0.7599;0.8441;0.7866;0.6619;0.7536;1
1;0.7666;0.5667;0.8408;0.7799;0.6885;0.6094;0.7656;0.7301;0.7538;0.9463;0.9428;0.8999;0.8935;0.9230;0.7407;0.7681;0.9090;0.8888;0.2746;0.7812;0.7200;0.6304;0.6842;0.7924;0.5373;0.5676;0.6250;0.7101;0.7727;0.8591;0.7804;0.8266;0.6530;0.7500;0.7586;0.8593;0.7234;0.9179;0.7500;0.8533;0.7532;0.7466;0.5493;0.6956;1
1;0.8999;0.7000;0.6818;0.7200;0.7377;0.7031;0.9218;0.9364;0.7384;0.6250;0.9142;0.7999;0.6595;0.7307;0.7407;0.8840;0.8571;0.8194;0.0197;0.2657;0.2401;0.1522;0.7894;0.8490;0.7462;0.8107;0.7500;0.6521;0.6666;0.8732;0.8292;0.8799;0.6938;0.7343;0.8792;0.9062;0.4894;0.5738;0.8749;0.9332;0.8701;0.8666;0.7464;0.8550;1
1;0.3834;0.4333;0.6136;0.6800;0.3279;0.3594;0.4844;0.3968;0.6461;0.4464;0.8999;0.8571;0.6595;0.6730;0.4445;0.5362;0.3637;0.3473;0.4902;0.7500;0.6000;0.8478;0.5263;0.5283;0.5522;0.6216;0.5139;0.4058;0.2728;0.4085;0.7560;0.8266;0.7142;0.8749;0.2759;0.3282;0.7021;0.9835;0.2084;0.3867;0.7142;0.4667;0.5774;0.6811;1
1;0.7333;0.8833;0.7954;0.7999;0.5410;0.5937;0.5781;0.8253;0.7230;0.8749;0.9142;0.9999;0.5745;0.9422;0.2778;0.4348;0.6883;0.8194;0.4902;0.8281;0.6800;0.9564;0.6316;0.6603;0.3135;0.4324;0.6805;0.7536;0.7424;0.8168;0.7804;0.8399;0.5306;0.6875;0.6724;0.7500;0.4255;0.9016;0.6527;0.8133;0.5714;0.6400;0.2254;0.4638;1
1;0.8333;0.8166;0.7045;0.8199;0.6721;0.5781;0.7187;0.7936;0.8922;0.9642;0.9142;0.8856;0.8723;0.9422;0.7407;0.7246;0.8441;0.8333;0.5686;0.7656;0.7999;0.7391;0.7017;0.6981;0.6567;0.5135;0.7916;0.6956;0.8333;0.8732;0.8048;0.8266;0.5918;0.7031;0.7586;0.8124;0.6170;0.7868;0.7638;0.7466;0.6363;0.6400;0.4648;0.4493;1
1;0.7500;0.9332;0.6591;0.7200;0.7049;0.5781;0.9062;0.9523;0.7999;0.7500;0.9285;0.8856;0.7021;0.6923;0.7592;0.7536;0.7662;0.7777;0.7647;0.9062;0.9199;0.8043;0.8420;0.7924;0.8954;0.9053;0.8888;0.7826;0.8181;0.8732;0.8780;0.8533;0.7346;0.7187;0.7758;0.8124;0.7446;0.8524;0.9166;0.8399;0.8701;0.8399;0.7605;0.7681;1
1;0.5667;0.8166;0.6136;0.7400;0.6065;0.6875;0.8281;0.9682;0.8461;0.8928;0.9142;0.9428;0.7872;0.8269;0.7777;0.7970;0.8830;0.8888;0.5098;0.7968;0.7200;0.8260;0.6842;0.7547;0.4328;0.4324;0.5555;0.4493;0.7575;0.8591;0.7317;0.9066;0.6938;0.7968;0.8103;0.8749;0.7872;0.9179;0.9166;0.9999;0.8051;0.8133;0.6197;0.8115;1
1;0.4000;0.4333;0.2273;0.7000;0.9671;0.4219;0.4844;0.5079;0.7077;0.4286;0.4857;0.5143;0.2128;0.5961;0.3149;0.4348;0.7662;0.5972;0.5490;0.8124;0.5600;0.5000;0.9122;0.7169;0.3135;0.1757;0.5694;0.4203;0.4697;0.5070;0.2440;0.6400;0.3062;0.9218;0.5345;0.2188;0.0639;0.3443;0.5000;0.6800;0.1170;0.1601;0.1409;0.0001;1
1;0.6833;0.8999;0.8181;0.7799;0.5901;0.5625;0.6562;0.7936;0.7846;0.8928;0.9142;0.9856;0.8723;0.9422;0.2408;0.4348;0.7792;0.8610;0.5490;0.7500;0.6000;0.5000;0.8245;0.8490;0.2538;0.2973;0.6250;0.5072;0.7727;0.8591;0.7073;0.8533;0.6326;0.7031;0.7930;0.8281;0.5319;0.8360;0.6250;0.8933;0.4156;0.4000;0.1832;0.2030;1
1;0.5833;0.7500;0.5682;0.5400;0.7377;0.6718;0.8437;0.9364;0.7538;0.7321;0.6571;0.7142;0.7234;0.7307;0.6666;0.7391;0.9350;0.8749;0.5294;0.7500;0.8399;0.7826;0.7894;0.7547;0.7164;0.7297;0.7777;0.6956;0.7727;0.8872;0.7073;0.7866;0.6326;0.7968;0.8448;0.8281;0.5319;0.6393;0.6527;0.8933;0.5584;0.6800;0.3944;0.6811;1
1;0.8333;0.8333;0.7500;0.6800;0.7049;0.5469;0.7968;0.8888;0.9691;0.8571;0.9428;0.9142;0.7446;0.7500;0.7777;0.7391;0.8571;0.8055;0.6862;0.8124;0.8199;0.7173;0.6491;0.4906;0.6567;0.6081;0.6944;0.5797;0.8787;0.8591;0.8780;0.9066;0.8979;0.8124;0.9309;0.8905;0.8297;0.8360;0.8472;0.7733;0.7402;0.7066;0.5915;0.7101;1
1;0.7333;0.7500;0.6591;0.6200;0.8688;0.6250;0.8593;0.7936;0.9076;0.8214;0.8428;0.7999;0.7872;0.7115;0.8703;0.8985;0.8960;0.8472;0.8039;0.8437;0.8199;0.6956;0.6491;0.3208;0.4925;0.3919;0.8749;0.7246;0.8181;0.8028;0.8048;0.7599;0.6938;0.6406;0.9654;0.9218;0.8297;0.8360;0.8472;0.7999;0.9220;0.8399;0.6619;0.5942;1
1;0.9166;0.8999;0.7045;0.6400;0.7868;0.7187;0.8437;0.8729;0.8461;0.8035;0.6714;0.5428;0.2554;0.3654;0.7407;0.9419;0.9350;0.9166;0.7450;0.9218;0.0001;0.0436;0.3684;0.2076;0.7313;0.7432;0.8749;0.8115;0.7424;0.8028;0.0001;0.3734;0.0001;0.2188;0.8620;0.9062;0.8510;0.8360;0.8472;0.9066;0.7792;0.7999;0.6338;0.7391;1
1;0.7833;0.7999;0.7045;0.6600;0.7868;0.6718;0.7968;0.8412;0.7846;0.8749;0.8856;0.8714;0.7872;0.7884;0.8703;0.8260;0.9869;0.9027;0.3726;0.6875;0.7400;0.6521;0.6666;0.7547;0.6567;0.6621;0.8194;0.7826;0.8484;0.8872;0.7560;0.7999;0.5714;0.7187;0.8792;0.8437;0.7446;0.8360;0.9582;0.9466;0.8571;0.8133;0.5774;0.6666;1
1;0.7000;0.7333;0.7500;0.8599;0.8032;0.6718;0.8124;0.8253;0.8615;0.7678;0.9571;0.8999;0.9574;0.7115;0.7037;0.7246;0.8830;0.6944;0.8039;0.9374;0.7999;0.7608;0.6666;0.7547;0.6716;0.5000;0.8472;0.7391;0.8181;0.8450;0.7560;0.7599;0.5918;0.6718;0.8275;0.7187;0.6595;0.7049;0.7222;0.6933;0.7532;0.6133;0.3240;0.3334;1
1;0.7166;0.8666;0.8408;0.7999;0.7540;0.6562;0.8124;0.8095;0.9230;0.7321;0.9713;0.9428;0.6808;0.8845;0.7962;0.9564;0.9609;0.8610;0.7843;0.7031;0.8599;0.5869;0.7017;0.7547;0.8059;0.7162;0.9027;0.7536;0.8636;0.9295;0.9267;0.8666;0.6938;0.7812;0.8792;0.8281;0.6595;0.7213;0.9305;0.9199;0.8830;0.7333;0.5493;0.6087;1
1;0.6000;0.5667;0.2955;0.6200;0.7704;0.3125;0.0001;0.0794;0.5077;0.3393;0.6571;0.8856;0.7659;0.9422;0.0927;0.2464;0.0001;0.0001;0.3726;0.7812;0.4400;0.7608;0.6666;0.8490;0.3135;0.3379;0.0834;0.0001;0.3940;0.5070;0.6341;0.8533;0.6734;0.8593;0.0001;0.1719;0.2341;0.6721;0.3473;0.5467;0.3117;0.2667;0.5774;0.1305;1
1;0.8166;0.7999;0.6136;0.6200;0.7377;0.6562;0.8593;0.9206;0.9230;0.8571;0.9428;0.9571;0.7234;0.7500;0.7777;0.7536;0.8830;0.8472;0.7647;0.7812;0.8599;0.8478;0.7894;0.6603;0.6716;0.6081;0.8333;0.5652;0.8333;0.7887;0.9024;0.9066;0.6734;0.7500;0.8620;0.8124;0.9361;0.9507;0.9027;0.7733;0.8571;0.6533;0.4226;0.5072;1
1;0.7000;0.4833;0.8181;0.7599;0.6721;0.5312;0.7812;0.7301;0.8461;0.5893;0.8714;0.8714;0.8084;0.8461;0.7037;0.7826;0.9220;0.8610;0.5490;0.6562;0.8599;0.8695;0.7193;0.6603;0.7164;0.8378;0.7777;0.7391;0.5303;0.4648;0.5853;0.8666;0.5714;0.6562;0.7069;0.7187;0.7872;0.6721;0.7083;0.5467;0.8830;0.7999;0.6056;0.5942;1
1;0.6666;0.5500;0.8636;0.7000;0.8360;0.6406;0.7500;0.7301;0.7538;0.5536;0.8714;0.7571;0.8510;0.8845;0.8518;0.8260;0.8830;0.7777;0.4706;0.6562;0.6800;0.6521;0.8596;0.7358;0.7462;0.7972;0.7777;0.6087;0.8484;0.7746;0.9267;0.9066;0.7755;0.7656;0.9137;0.8749;0.5532;0.5901;0.8333;0.7466;0.7792;0.8133;0.6056;0.7536;1
1;0.5167;0.5167;0.4546;0.4200;0.6721;0.4531;0.8437;0.8571;0.7538;0.6428;0.7857;0.7714;0.5106;0.4231;0.4815;0.4638;0.9220;0.9860;0.5098;0.4688;0.4400;0.6739;0.0001;0.1510;0.4179;0.1757;0.9582;0.8695;0.6363;0.6901;0.7073;0.7866;0.3266;0.3906;0.8792;0.8593;0.6170;0.6229;0.6944;0.7466;0.5195;0.1601;0.3662;0.1015;1
1;0.7333;0.6166;0.4773;0.4000;0.6393;0.6250;0.8437;0.8729;0.7846;0.6964;0.8428;0.7857;0.8510;0.6346;0.7592;0.7101;0.9090;0.7638;0.7254;0.9687;0.8399;0.8912;0.9122;0.8301;0.9253;0.5946;0.8472;0.7101;0.6666;0.5634;0.5366;0.5600;0.5306;0.6250;0.8103;0.8281;0.6383;0.8688;0.7916;0.7066;0.7402;0.5200;0.7042;0.6377;1
1;0.6166;0.6333;0.6591;0.4800;0.7377;0.5469;0.7968;0.9364;0.9538;0.9463;0.8571;0.8285;0.8510;0.7307;0.8703;0.8260;0.9609;0.8749;0.6274;0.9218;0.7599;0.8912;0.5263;0.4528;0.4478;0.4865;0.5833;0.6087;0.7424;0.8309;0.7560;0.8533;0.6326;0.7187;0.8448;0.8281;0.8084;0.9507;0.8194;0.8399;0.8051;0.6800;0.6901;0.7391;1
1;0.6500;0.9832;0.3637;0.6800;0.7377;0.7031;0.7343;0.7777;0.8615;0.8571;0.7428;0.8285;0.7659;0.5769;0.6296;0.6087;0.8441;0.7500;0.6078;0.8281;0.6400;0.5435;0.6666;0.7924;0.6119;0.7432;0.7083;0.7246;0.8333;0.9154;0.8536;0.8399;0.6734;0.7031;0.8448;0.8749;0.6595;0.8852;0.7916;0.8533;0.7272;0.6933;0.6197;0.8550;1
1;0.5167;0.3500;0.4318;0.5200;0.6557;0.2969;0.2813;0.5397;0.0001;0.0001;0.5143;0.5714;0.5532;0.6730;0.5185;0.3913;0.5714;0.2778;0.4314;0.5156;0.6600;0.4348;0.7193;0.5283;0.5373;0.4324;0.4028;0.2754;0.2425;0.2113;0.1952;0.6000;0.8979;0.7187;0.4138;0.0782;0.0001;0.1968;0.1667;0.2934;0.5714;0.4267;0.9154;0.5942;1
1;0.7000;0.8166;0.6818;0.7400;0.6885;0.5312;0.8437;0.8729;0.8153;0.7321;0.9142;0.9428;0.8510;0.8845;0.6481;0.7391;0.8441;0.8333;0.7843;0.7968;0.9399;0.8912;0.9297;0.9433;0.8805;0.6892;0.8333;0.7246;0.7424;0.8732;0.8048;0.8799;0.6530;0.7031;0.8620;0.8749;0.8510;0.9016;0.8333;0.9466;0.8960;0.7466;0.7042;0.6666;1
1;0.6000;0.8999;0.8863;0.9199;0.6393;0.6094;0.7656;0.7460;0.6461;0.8214;0.9571;0.9285;0.7872;0.6923;0.6296;0.6956;0.7272;0.6389;0.7058;0.8281;0.8599;0.8043;0.7017;0.6226;0.6268;0.6486;0.7361;0.5942;0.7272;0.8028;0.9755;0.8666;0.7959;0.7812;0.7241;0.7031;0.7872;0.8852;0.6805;0.7866;0.7272;0.6933;0.5634;0.6956;1
1;0.7999;0.8833;0.7500;0.7999;0.6721;0.4375;0.7343;0.6984;0.8768;0.8214;0.8714;0.8856;0.8084;0.7692;0.6296;0.6087;0.8441;0.8055;0.4902;0.6718;0.8999;0.6739;0.6842;0.3962;0.5821;0.4324;0.9721;0.7970;0.8333;0.8591;0.7804;0.8266;0.6530;0.5937;0.8448;0.8437;0.8723;0.7213;0.7638;0.7066;0.6104;0.4000;0.3240;0.1885;1
1;0.8166;0.8333;0.8181;0.7799;0.7049;0.5469;0.7343;0.8095;0.9230;0.8392;0.9713;0.8856;0.7446;0.5385;0.7777;0.7536;0.9350;0.8749;0.7254;0.8281;0.8599;0.8478;0.6491;0.4906;0.7611;0.6892;0.9027;0.7681;0.8939;0.7323;0.9024;0.6800;0.7142;0.5312;0.9137;0.8124;0.7446;0.8360;0.7916;0.7599;0.7272;0.6133;0.5352;0.6232;1
1;0.7500;0.7166;0.5682;0.5400;0.9671;0.7343;0.7656;0.7777;0.9384;0.8392;0.9856;0.9428;0.9999;0.9230;0.8703;0.8840;0.8311;0.7500;0.8039;0.8749;0.8799;0.8478;0.8245;0.9056;0.8358;0.7702;0.9027;0.6521;0.8181;0.7887;0.8048;0.8799;0.5510;0.7031;0.6896;0.7343;0.6595;0.7049;0.8194;0.7733;0.8571;0.7333;0.6056;0.6666;1
1;0.5833;0.7333;0.9090;0.8399;0.7049;0.5156;0.8281;0.7936;0.7846;0.6250;0.9999;0.8571;0.6383;0.5961;0.3334;0.4783;0.7921;0.6389;0.7843;0.6406;0.7799;0.6521;0.6491;0.6415;0.2985;0.3108;0.8055;0.5652;0.6666;0.7887;0.7804;0.8399;0.6734;0.6562;0.9137;0.7656;0.9361;0.7213;0.8472;0.7466;0.5714;0.3600;0.2677;0.2319;1
1;0.6166;0.7166;0.5227;0.7999;0.5901;0.5937;0.7187;0.7936;0.7230;0.7678;0.7285;0.8856;0.5532;0.7692;0.5185;0.4783;0.7792;0.7777;0.4902;0.8281;0.7400;0.9782;0.6140;0.2642;0.2836;0.3919;0.6666;0.8985;0.6818;0.8028;0.7560;0.8799;0.6326;0.6562;0.6724;0.8281;0.6170;0.8688;0.8055;0.7333;0.4675;0.3067;0.1832;0.2030;1
1;0.4667;0.3667;0.6363;0.5800;0.5410;0.4844;0.7812;0.8729;0.8153;0.7321;0.8285;0.7999;0.6170;0.7115;0.6851;0.6811;0.8051;0.8055;0.5882;0.7656;0.8199;0.7391;0.6666;0.6981;0.7462;0.6621;0.8194;0.6087;0.7272;0.5774;0.7804;0.7599;0.7142;0.7500;0.7241;0.6562;0.7872;0.8688;0.9305;0.8133;0.8701;0.7599;0.8309;0.8840;1
1;0.5667;0.5667;0.4091;0.3800;0.4918;0.2969;0.7343;0.5714;0.8615;0.7857;0.7571;0.6571;0.5532;0.7692;0.7962;0.8695;0.8960;0.8194;0.6274;0.6875;0.6800;0.5000;0.7543;0.5660;0.4776;0.4730;0.7638;0.4058;0.4394;0.7605;0.6097;0.5600;0.8163;0.6094;0.9137;0.8749;0.6170;0.5901;0.6389;0.6133;0.4286;0.2534;0.3944;0.4058;1
1;0.7500;0.8166;0.7272;0.7000;0.7213;0.5937;0.7812;0.8571;0.9384;0.8571;0.9713;0.9428;0.9574;0.8845;0.7037;0.7536;0.8571;0.8610;0.6862;0.8124;0.7999;0.7173;0.7368;0.7358;0.7462;0.6756;0.8194;0.6666;0.7878;0.8168;0.6829;0.8799;0.6326;0.6875;0.8448;0.8749;0.7659;0.7868;0.7083;0.7733;0.8181;0.6933;0.6338;0.6811;1
1;0.5667;0.1334;0.7500;0.3400;0.7213;0.2500;0.7187;0.3968;0.7846;0.3036;0.9142;0.7285;0.5957;0.7500;0.5370;0.6377;0.8051;0.7361;0.7647;0.7187;0.8999;0.9130;0.7894;0.6415;0.7462;0.7972;0.8749;0.6377;0.5757;0.2536;0.7804;0.8399;0.5510;0.6875;0.7241;0.5937;0.8297;0.6885;0.8749;0.4533;0.8311;0.8133;0.6479;0.7826;1
1;0.4333;0.4167;0.4773;0.2001;0.6229;0.0157;0.5469;0.1905;0.8768;0.6250;0.7857;0.8999;0.4043;0.0578;0.1667;0.1595;0.3766;0.7083;0.4706;0.6094;0.8799;0.0001;0.3509;0.0567;0.3135;0.1893;0.6805;0.3044;0.3334;0.2536;0.4634;0.5600;0.6326;0.7656;0.5517;0.0157;0.6595;0.5738;0.3611;0.0801;0.3766;0.1334;0.4930;0.3623;1
1;0.8666;0.8999;0.5909;0.5800;0.6065;0.5156;0.8437;0.9047;0.9384;0.9285;0.8856;0.9142;0.7872;0.7115;0.8148;0.8695;0.9090;0.9027;0.8627;0.9530;0.7999;0.7391;0.7894;0.6415;0.7164;0.7432;0.6805;0.5942;0.5151;0.4648;0.5366;0.7200;0.6122;0.4844;0.8103;0.8281;0.5532;0.7377;0.6805;0.6800;0.7532;0.5200;0.4366;0.5217;1
1;0.7999;0.7500;0.6363;0.7400;0.4754;0.2500;0.8749;0.6349;0.6923;0.6428;0.8142;0.8142;0.1703;0.6346;0.5000;0.3768;0.8571;0.5555;0.4902;0.6718;0.8599;0.5000;0.2281;0.5472;0.2687;0.1082;0.8888;0.3479;0.3788;0.4085;0.4147;0.7466;0.3266;0.4844;0.6551;0.4219;0.7872;0.7377;0.6250;0.6933;0.1949;0.2267;0.1691;0.1740;1
1;0.8333;0.6500;0.6818;0.4000;0.8852;0.5937;0.8749;0.8253;0.7384;0.5714;0.7857;0.8142;0.7872;0.7307;0.7962;0.7391;0.9090;0.6666;0.5686;0.7031;0.7999;0.7826;0.8771;0.6792;0.8059;0.6892;0.9999;0.6521;0.8030;0.7464;0.7804;0.7599;0.6734;0.6718;0.8620;0.7500;0.7659;0.7377;0.9444;0.8133;0.8960;0.8666;0.7183;0.7826;1
1;0.7333;0.8166;0.5682;0.2800;0.6885;0.5469;0.8593;0.8729;0.8153;0.5357;0.7428;0.5143;0.6808;0.4615;0.6296;0.7826;0.7921;0.9027;0.5882;0.7500;0.7599;0.4783;0.7368;0.6038;0.6268;0.7567;0.7638;0.8840;0.8636;0.7323;0.5853;0.5333;0.6326;0.5781;0.8620;0.8124;0.9148;0.7213;0.8472;0.7333;0.8181;0.7066;0.6056;0.7101;1
1;0.7500;0.8666;0.9090;0.9799;0.8032;0.7187;0.8749;0.8571;0.8153;0.6964;0.9142;0.8856;0.8084;0.7884;0.5741;0.6956;0.7532;0.6805;0.9999;0.9687;0.9999;0.9999;0.9648;0.8867;0.8954;0.7027;0.9305;0.5797;0.7878;0.6479;0.9267;0.8799;0.6122;0.7031;0.7930;0.6718;0.8297;0.8196;0.8055;0.7866;0.7792;0.7200;0.6619;0.7826;1
1;0.6500;0.5500;0.6818;0.7200;0.4918;0.0470;0.5156;0.0477;0.6461;0.5714;0.7428;0.7571;0.6595;0.8076;0.0001;0.0436;0.5714;0.2778;0.2942;0.6562;0.6400;0.5869;0.7543;0.8113;0.0747;0.1352;0.5694;0.3913;0.3485;0.1691;0.7560;0.8399;0.6938;0.8124;0.3793;0.2500;0.6383;0.6557;0.5139;0.5067;0.2987;0.0268;0.0564;0.3479;1
1;0.8666;0.8833;0.7045;0.7799;0.7049;0.5625;0.7812;0.8095;0.7538;0.6428;0.9285;0.9428;0.8084;0.7692;0.5741;0.6377;0.7921;0.7638;0.7450;0.9062;0.9199;0.9130;0.7543;0.9056;0.6418;0.6621;0.7222;0.7681;0.7878;0.8450;0.9024;0.9066;0.6734;0.7187;0.7586;0.8124;0.7872;0.8032;0.7777;0.8266;0.7013;0.6400;0.5493;0.6087;1
1;0.9332;0.9332;0.9090;0.7200;0.7868;0.6250;0.8437;0.8729;0.8768;0.7857;0.7142;0.6857;0.7021;0.5961;0.6851;0.7391;0.9090;0.8194;0.5882;0.8124;0.6000;0.6304;0.4912;0.3962;0.7313;0.6756;0.8055;0.7536;0.9393;0.8309;0.9024;0.8266;0.7551;0.5469;0.9309;0.9687;0.8297;0.9016;0.7916;0.7599;0.4675;0.3734;0.1972;0.3334;1
1;0.7500;0.6833;0.5909;0.6200;0.8032;0.6875;0.8593;0.8729;0.7846;0.6607;0.8428;0.6714;0.8510;0.7307;0.8518;0.8695;0.9220;0.8749;0.8627;0.8281;0.9399;0.9347;0.7894;0.6981;0.9104;0.9729;0.9999;0.9564;0.8787;0.8872;0.7804;0.7200;0.5306;0.5469;0.9137;0.8905;0.5957;0.6229;0.9166;0.9332;0.7921;0.7866;0.5352;0.7246;1
1;0.7500;0.8833;0.8636;0.9999;0.8360;0.7343;0.9999;0.8729;0.9384;0.8571;0.9428;0.9428;0.8084;0.7307;0.6666;0.7246;0.9350;0.8194;0.4314;0.7343;0.8999;0.7826;0.7543;0.6038;0.5373;0.5540;0.5694;0.5362;0.7424;0.8028;0.8048;0.8933;0.7551;0.7187;0.8448;0.8593;0.7872;0.8524;0.7777;0.6933;0.6883;0.6666;0.5634;0.6956;1
1;0.7833;0.7999;0.6363;0.6400;0.7377;0.6562;0.8905;0.9523;0.8922;0.7678;0.9142;0.8428;0.8935;0.8461;0.7407;0.8405;0.9220;0.8888;0.7254;0.8437;0.7999;0.7391;0.8947;0.8301;0.7164;0.6216;0.7222;0.6666;0.7575;0.7605;0.7317;0.8266;0.6530;0.6718;0.8620;0.8437;0.8297;0.8360;0.8610;0.8266;0.7921;0.7866;0.6338;0.7536;1
1;0.8333;0.9832;0.9999;0.9999;0.8196;0.7187;0.8749;0.8729;0.7538;0.6428;0.8285;0.8571;0.6595;0.6538;0.6111;0.6666;0.7142;0.5694;0.6862;0.8124;0.8399;0.7826;0.7894;0.8301;0.6865;0.7702;0.7500;0.6521;0.6818;0.7042;0.8536;0.9066;0.5918;0.7187;0.7241;0.6250;0.7446;0.8360;0.6111;0.5733;0.7532;0.7333;0.6338;0.6377;1
1;0.7999;0.7666;0.8863;0.7999;0.7540;0.5625;0.8437;0.8095;0.9538;0.8392;0.8856;0.8714;0.8723;0.7307;0.7222;0.8115;0.9350;0.8333;0.7058;0.7500;0.8399;0.6087;0.8070;0.7169;0.7313;0.7162;0.8333;0.7246;0.8484;0.8309;0.7804;0.8133;0.7346;0.7500;0.8275;0.8593;0.7872;0.8196;0.7638;0.6000;0.7272;0.4667;0.4648;0.4783;1
1;0.8333;0.8166;0.8863;0.8999;0.6557;0.5312;0.7968;0.7301;0.8153;0.7857;0.8999;0.9571;0.6808;0.5961;0.5555;0.6666;0.8701;0.8055;0.9019;0.9843;0.7799;0.7391;0.8070;0.5660;0.8059;0.7702;0.7638;0.7681;0.7575;0.7464;0.7804;0.7466;0.5714;0.5156;0.8620;0.7656;0.7234;0.8524;0.5833;0.7466;0.6363;0.4667;0.6197;0.4783;1
1;0.6666;0.7000;0.7727;0.8199;0.6393;0.5625;0.6406;0.6825;0.7538;0.7321;0.9285;0.8999;0.8510;0.6730;0.5926;0.6956;0.7532;0.8055;0.4902;0.7187;0.7599;0.8260;0.7894;0.7735;0.6418;0.6486;0.7500;0.7391;0.7575;0.8028;0.9267;0.9066;0.7346;0.7187;0.7069;0.8124;0.6383;0.8032;0.8472;0.9599;0.8181;0.7999;0.9999;0.8985;1
1;0.8666;0.7666;0.8181;0.8199;0.8852;0.6875;0.7968;0.8253;0.8461;0.7857;0.8856;0.8285;0.9361;0.8653;0.9258;0.8840;0.8960;0.9027;0.7843;0.7812;0.7599;0.7608;0.8596;0.7358;0.9253;0.8378;0.9999;0.8840;0.8787;0.8450;0.8292;0.7866;0.6530;0.6562;0.8620;0.8593;0.7021;0.7049;0.9444;0.8666;0.8830;0.7599;0.6619;0.7101;1
1;0.6833;0.6500;0.3864;0.3400;0.6229;0.5312;0.9374;0.9364;0.8307;0.6607;0.7285;0.7000;0.7446;0.6346;0.8148;0.7681;0.9739;0.8610;0.5686;0.6875;0.8799;0.5869;0.8947;0.7735;0.6119;0.5135;0.7500;0.5217;0.7878;0.7605;0.7073;0.7333;0.5510;0.6875;0.8275;0.8593;0.8935;0.8524;0.8610;0.9466;0.8571;0.7866;0.7183;0.8405;1
1;0.8499;0.9332;0.9545;0.8599;0.7868;0.6094;0.9062;0.8888;0.8922;0.8214;0.9428;0.9428;0.8297;0.7884;0.6481;0.6811;0.8701;0.7500;0.6274;0.7500;0.8199;0.8043;0.6491;0.5472;0.5373;0.5270;0.7361;0.5362;0.8030;0.8168;0.8780;0.9199;0.6734;0.8281;0.8103;0.7031;0.8084;0.8688;0.6111;0.7200;0.2987;0.4134;0.3521;0.4493;1
1;0.7666;0.7500;0.6591;0.6600;0.8852;0.8281;0.8905;0.7777;0.7384;0.7142;0.8142;0.8714;0.5957;0.7307;0.8518;0.9709;0.7921;0.7777;0.6274;0.6718;0.7200;0.5869;0.5789;0.5849;0.7910;0.7837;0.8610;0.6811;0.7424;0.7887;0.9267;0.8399;0.8367;0.6562;0.7930;0.7968;0.7872;0.5901;0.7083;0.5467;0.8441;0.5067;0.6338;0.6087;1
1;0.8666;0.9666;0.6136;0.7999;0.6885;0.6094;0.8281;0.8412;0.9384;0.8749;0.9285;0.9571;0.8084;0.7884;0.5926;0.8115;0.8571;0.8333;0.8627;0.9218;0.8199;0.8260;0.6666;0.7169;0.7164;0.7297;0.7916;0.6377;0.8636;0.8168;0.8536;0.8266;0.6938;0.7187;0.8792;0.8437;0.8297;0.8852;0.8472;0.7999;0.7272;0.7466;0.6197;0.7246;1
1;0.7666;0.7333;0.7727;0.6800;0.8032;0.7187;0.8593;0.9206;0.7999;0.7142;0.8714;0.7999;0.9361;0.9614;0.8333;0.9419;0.8441;0.8472;0.4706;0.5625;0.6000;0.5652;0.7017;0.8113;0.7910;0.8243;0.7777;0.5507;0.8787;0.9154;0.9511;0.8799;0.6938;0.7031;0.8448;0.8281;0.7021;0.7540;0.9444;0.9199;0.8830;0.8933;0.7323;0.8405;1
1;0.7833;0.7999;0.7727;0.7200;0.8360;0.7968;0.8905;0.8253;0.7692;0.6250;0.8142;0.8714;0.6808;0.7115;0.8148;0.7536;0.9090;0.7777;0.5490;0.5937;0.8199;0.7391;0.6140;0.5283;0.6567;0.6892;0.7222;0.6232;0.7272;0.7605;0.8780;0.8933;0.6326;0.7343;0.8448;0.7812;0.8723;0.7868;0.9027;0.9466;0.8960;0.8666;0.7605;0.9130;1
1;0.6333;0.7500;0.7272;0.7999;0.6229;0.6094;0.7968;0.8412;0.7999;0.7678;0.8714;0.8571;0.8084;0.8461;0.7592;0.7826;0.8960;0.8749;0.5882;0.8124;0.7799;0.7608;0.8245;0.8301;0.7910;0.7837;0.9166;0.8115;0.7878;0.8872;0.6829;0.8399;0.5102;0.6250;0.8103;0.8593;0.7021;0.8196;0.8888;0.9866;0.8571;0.8933;0.7042;0.8695;1
1;0.7833;0.6500;0.8408;0.8799;0.7868;0.6875;0.7343;0.8095;0.8615;0.6607;0.9285;0.8142;0.8723;0.8269;0.8148;0.8260;0.8181;0.7222;0.7843;0.7500;0.7799;0.6956;0.8771;0.8867;0.9402;0.9323;0.8610;0.6811;0.9090;0.9577;0.9024;0.8666;0.7142;0.7031;0.7930;0.7812;0.7021;0.7540;0.8472;0.9199;0.8830;0.8533;0.7464;0.8260;1
1;0.8833;0.8999;0.8408;0.8599;0.8852;0.7343;0.8437;0.8729;0.8615;0.9463;0.8714;0.8428;0.6383;0.7115;0.6666;0.8115;0.8051;0.7777;0.8235;0.9999;0.7999;0.8043;0.7193;0.7547;0.8059;0.7702;0.7916;0.7391;0.8484;0.8168;0.8780;0.8933;0.6122;0.7343;0.9309;0.9687;0.6808;0.8524;0.8610;0.8666;0.7662;0.7333;0.5493;0.6666;1
1;0.8666;0.7666;0.7954;0.8199;0.6393;0.5156;0.7500;0.8095;0.8153;0.6964;0.8999;0.9428;0.7446;0.6923;0.6666;0.7101;0.8441;0.7916;0.4902;0.6875;0.7599;0.6956;0.6491;0.6415;0.5821;0.6081;0.6944;0.5217;0.8484;0.7887;0.8536;0.8933;0.5918;0.6875;0.7069;0.7968;0.4681;0.6885;0.6944;0.7066;0.5195;0.6400;0.4507;0.6666;1
1;0.5500;0.7833;0.4546;0.6600;0.5082;0.5625;0.6562;0.8888;0.4923;0.6964;0.6143;0.7999;0.4681;0.8076;0.4815;0.8985;0.5584;0.8055;0.1177;0.6562;0.3400;0.6521;0.4561;0.6603;0.5373;0.6892;0.6111;0.7391;0.6818;0.8591;0.6585;0.8799;0.5510;0.6875;0.6724;0.8593;0.5319;0.8688;0.7222;0.8666;0.6104;0.7466;0.5774;0.7246;1
1;0.6666;0.8166;0.5909;0.7599;0.5738;0.6094;0.5781;0.7777;0.8615;0.8571;0.8142;0.9428;0.9148;0.6923;0.8148;0.8550;0.8441;0.8472;0.6274;0.7812;0.8399;0.7608;0.7193;0.6415;0.7910;0.7567;0.8333;0.7246;0.7727;0.8591;0.8536;0.8799;0.6122;0.6562;0.8275;0.8749;0.5532;0.6557;0.5833;0.7733;0.7013;0.6133;0.4507;0.6521;1
1;0.7000;0.6500;0.7500;0.7599;0.7540;0.7343;0.7343;0.8253;0.6461;0.5893;0.9142;0.8285;0.9148;0.9038;0.9629;0.8985;0.8571;0.7916;0.5098;0.7031;0.7599;0.6739;0.8245;0.8867;0.8954;0.9459;0.7500;0.6377;0.8787;0.8591;0.9024;0.8799;0.7142;0.6875;0.8103;0.8905;0.3405;0.4918;0.8610;0.8266;0.9090;0.8799;0.7746;0.9130;1
1;0.7500;0.7500;0.7272;0.7200;0.6721;0.6562;0.8124;0.8571;0.8768;0.8571;0.8428;0.8999;0.7872;0.8076;0.7777;0.8695;0.8701;0.7777;0.5686;0.7343;0.7599;0.7608;0.7193;0.6792;0.8059;0.8107;0.7777;0.5652;0.8787;0.8591;0.7317;0.8799;0.7142;0.7500;0.7586;0.7656;0.8723;0.8196;0.9721;0.9199;0.8960;0.8266;0.7605;0.7826;1
1;0.7000;0.6833;0.7045;0.5600;0.8688;0.7343;0.8124;0.7777;0.8615;0.6607;0.8999;0.7857;0.8297;0.7884;0.8888;0.8985;0.8830;0.7777;0.6862;0.7656;0.8399;0.8043;0.8596;0.8867;0.9253;0.9594;0.8610;0.8260;0.8181;0.9154;0.6829;0.7733;0.6734;0.6562;0.8275;0.7968;0.5319;0.4754;0.8610;0.8133;0.8830;0.7733;0.6619;0.6956;1
1;0.4833;0.4667;0.8181;0.7599;0.8360;0.7968;0.8749;0.9047;0.8461;0.7857;0.7857;0.7428;0.9148;0.8076;0.9444;0.9999;0.8960;0.8610;0.9215;0.9843;0.8399;0.8260;0.8070;0.7169;0.9999;0.9323;0.9027;0.8985;0.9999;0.9999;0.8536;0.8266;0.7142;0.7343;0.9137;0.9374;0.3617;0.6557;0.7638;0.8266;0.7921;0.6666;0.3662;0.4928;1
1;0.7000;0.9332;0.5909;0.6200;0.5738;0.5781;0.6250;0.7777;0.9076;0.9285;0.8428;0.8856;0.6595;0.6923;0.6296;0.8115;0.8181;0.7916;0.6078;0.9062;0.5800;0.7391;0.6316;0.6226;0.6268;0.7162;0.7777;0.7391;0.7878;0.9436;0.8048;0.9199;0.7346;0.7968;0.8792;0.9062;0.6808;0.8524;0.6666;0.8266;0.6623;0.7333;0.5493;0.6811;1
1;0.6333;0.6166;0.6363;0.7999;0.7704;0.6718;0.7968;0.8095;0.4308;0.3572;0.5857;0.6000;0.8084;0.9038;0.7407;0.8550;0.6623;0.6666;0.6274;0.7500;0.7799;0.8260;0.7719;0.8867;0.8507;0.9323;0.8888;0.7536;0.8181;0.8732;0.5853;0.7999;0.4898;0.6562;0.7930;0.8124;0.5532;0.6721;0.8888;0.9332;0.8051;0.8133;0.6619;0.8550;1
1;0.7333;0.6333;0.5000;0.6200;0.7868;0.6875;0.8124;0.7936;0.8307;0.7321;0.8428;0.8285;0.9999;0.9230;0.9258;0.8985;0.8830;0.8610;0.7450;0.7968;0.7599;0.7608;0.9297;0.7924;0.9104;0.8783;0.8194;0.6811;0.8787;0.8872;0.8048;0.8133;0.7142;0.7500;0.8965;0.9062;0.7234;0.7049;0.7638;0.8399;0.8441;0.8799;0.7746;0.8985;1
1;0.6833;0.5667;0.6136;0.4600;0.7049;0.5937;0.8437;0.8888;0.7230;0.5893;0.8428;0.6714;0.8723;0.7884;0.8888;0.8985;0.9350;0.8472;0.4314;0.5469;0.6800;0.3479;0.8596;0.6603;0.7761;0.7297;0.8472;0.6232;0.7727;0.7887;0.7317;0.7599;0.6938;0.7187;0.8448;0.8905;0.6808;0.6885;0.9444;0.9466;0.9350;0.8933;0.7323;0.8115;1
1;0.7166;0.7333;0.7045;0.6800;0.8852;0.5937;0.8749;0.9047;0.8615;0.8214;0.8285;0.7999;0.7872;0.7500;0.8888;0.8260;0.8701;0.8055;0.6862;0.7187;0.8199;0.6739;0.6316;0.5849;0.7910;0.6756;0.8055;0.6956;0.8939;0.8872;0.9511;0.8666;0.7346;0.7343;0.8965;0.9062;0.8510;0.8360;0.9166;0.8533;0.8441;0.7200;0.6479;0.6956;1
1;0.6333;0.6000;0.7500;0.7400;0.8524;0.7031;0.8593;0.8571;0.8307;0.7321;0.9285;0.9571;0.7021;0.7307;0.8888;0.9130;0.9220;0.8194;0.7058;0.7812;0.7599;0.8695;0.6491;0.6792;0.7910;0.7567;0.8333;0.7246;0.7727;0.8450;0.8536;0.8799;0.7142;0.7500;0.8620;0.8593;0.9148;0.8852;0.8472;0.8533;0.9350;0.9332;0.7887;0.8840;1
1;0.7333;0.7333;0.7954;0.8799;0.6393;0.5000;0.7031;0.6666;0.7846;0.7321;0.8999;0.8856;0.8510;0.7307;0.6111;0.6666;0.8051;0.7083;0.6274;0.8124;0.8599;0.8912;0.7894;0.7547;0.6418;0.6621;0.5972;0.5797;0.7878;0.8309;0.8048;0.8666;0.7346;0.7500;0.7930;0.7343;0.8723;0.9016;0.8055;0.8933;0.8830;0.7733;0.7183;0.7826;1
1;0.7999;0.8333;0.7500;0.7599;0.9179;0.7343;0.8124;0.7142;0.8768;0.7678;0.9999;0.9571;0.7659;0.8461;0.8148;0.9130;0.8701;0.8194;0.5686;0.6875;0.7200;0.5869;0.5088;0.7735;0.8208;0.9323;0.7500;0.5942;0.6818;0.7183;0.8292;0.7999;0.7755;0.7031;0.6379;0.6718;0.4043;0.5738;0.7500;0.6933;0.8571;0.9066;0.8028;0.9564;1
1;0.7500;0.4667;0.5454;0.5000;0.7540;0.6094;0.7343;0.7460;0.9076;0.7142;0.8856;0.7285;0.6808;0.6538;0.7037;0.6956;0.9220;0.8888;0.6862;0.8124;0.7999;0.7608;0.6842;0.6038;0.7462;0.7837;0.7638;0.7246;0.7878;0.8309;0.7560;0.7733;0.6734;0.6406;0.8275;0.8593;0.8297;0.7540;0.8055;0.6800;0.8181;0.7733;0.6760;0.7970;1
1;0.8499;0.9166;0.7727;0.7999;0.8032;0.7187;0.8124;0.9047;0.8922;0.9106;0.8285;0.8714;0.8935;0.9038;0.7222;0.8695;0.9350;0.8610;0.6666;0.8437;0.7400;0.7391;0.7894;0.7735;0.8208;0.7567;0.9027;0.7536;0.9090;0.9577;0.8780;0.8933;0.6530;0.7187;0.8792;0.9218;0.6170;0.8032;0.8333;0.9199;0.7272;0.7200;0.5352;0.6811;1
1;0.7333;0.7833;0.7272;0.7599;0.8032;0.7343;0.7656;0.8888;0.8615;0.8749;0.8999;0.8285;0.9148;0.9230;0.8888;0.9709;0.9609;0.9305;0.6666;0.8593;0.9199;0.7391;0.7368;0.8113;0.8656;0.8783;0.8610;0.7536;0.8181;0.8309;0.7073;0.7200;0.5918;0.7031;0.8103;0.7968;0.3830;0.5574;0.9027;0.9332;0.8830;0.8799;0.6197;0.7536;1
1;0.7833;0.9166;0.5454;0.6600;0.8688;0.7343;0.9218;0.8888;0.6615;0.6607;0.7285;0.7428;0.6808;0.5769;0.9258;0.8985;0.9220;0.8333;0.7254;0.7968;0.7400;0.6304;0.7894;0.5849;0.8507;0.7702;0.7222;0.5797;0.5151;0.6338;0.6829;0.7333;0.7755;0.7187;0.9482;0.8749;0.8084;0.8524;0.6805;0.7466;0.8051;0.7866;0.6901;0.7536;1
1;0.5833;0.8833;0.7045;0.7999;0.3935;0.2969;0.5469;0.4603;0.6923;0.7142;0.7857;0.8142;0.7021;0.5961;0.2593;0.4783;0.4416;0.4445;0.5686;0.7656;0.8399;0.7608;0.6842;0.5094;0.6716;0.6892;0.7916;0.7246;0.5000;0.4930;0.8048;0.7866;0.8163;0.8281;0.4828;0.4688;0.7659;0.9016;0.5000;0.6133;0.4416;0.5200;0.4930;0.6666;1
1;0.7000;0.9332;0.7727;0.7799;0.5901;0.5469;0.5937;0.7619;0.8153;0.8571;0.8714;0.8714;0.6170;0.8269;0.5185;0.7101;0.7402;0.7222;0.6666;0.7968;0.7799;0.8695;0.7543;0.7169;0.6865;0.7432;0.7777;0.7536;0.7878;0.9154;0.7804;0.8666;0.6530;0.7968;0.7758;0.7812;0.3617;0.6721;0.4722;0.7999;0.5065;0.5866;0.4085;0.5797;1
1;0.5667;0.4333;0.5909;0.7400;0.6885;0.6875;0.6718;0.8095;0.7538;0.6785;0.7999;0.7571;0.7872;0.7884;0.7777;0.8695;0.9090;0.7916;0.7058;0.7500;0.8999;0.6304;0.8947;0.7735;0.9253;0.9053;0.9166;0.6521;0.7727;0.8872;0.9024;0.9066;0.7551;0.7187;0.9827;0.9530;0.5319;0.6393;0.7638;0.8266;0.8181;0.8533;0.6197;0.7536;1
1;0.3167;0.5000;0.7727;0.4400;0.8360;0.6562;0.5781;0.5397;0.6769;0.6071;0.7714;0.7999;0.4894;0.5769;0.6296;0.7826;0.8571;0.8888;0.2746;0.6094;0.2201;0.4565;0.2807;0.2265;0.3881;0.5540;0.7222;0.7391;0.4394;0.5352;0.6829;0.7066;0.3878;0.5000;0.7758;0.7968;0.5319;0.8852;0.5555;0.6400;0.7142;0.6266;0.3944;0.5942;1
1;0.8333;0.6833;0.7045;0.7200;0.8524;0.6562;0.8593;0.9047;0.9230;0.7857;0.9142;0.8714;0.9786;0.7884;0.9258;0.7681;0.8181;0.6527;0.7647;0.7343;0.7799;0.7173;0.8596;0.6415;0.8656;0.7162;0.7638;0.5942;0.8181;0.8309;0.9024;0.8266;0.7755;0.7656;0.8103;0.8281;0.8084;0.7540;0.8194;0.7333;0.8701;0.7866;0.6619;0.7970;1
1;0.6333;0.7500;0.7272;0.8199;0.6393;0.5469;0.8281;0.8729;0.7999;0.8035;0.8142;0.8999;0.7021;0.6923;0.6481;0.7101;0.8441;0.8194;0.5294;0.7968;0.6000;0.7608;0.5789;0.6226;0.6418;0.6081;0.7361;0.7246;0.7272;0.8028;0.8048;0.9199;0.6938;0.8281;0.8275;0.8905;0.7021;0.9016;0.5417;0.7066;0.5584;0.6266;0.5070;0.5942;1
1;0.0001;0.6500;0.3637;0.0201;0.3607;0.6094;0.1719;0.4127;0.2616;0.1072;0.8714;0.8571;0.6595;0.6923;0.4445;0.5217;0.4286;0.3056;0.4118;0.5469;0.7200;0.7391;0.6316;0.5283;0.6119;0.6756;0.6805;0.6087;0.2273;0.2536;0.4878;0.7733;0.6326;0.7500;0.3793;0.2344;0.5106;0.6229;0.3889;0.4400;0.9220;0.6933;0.7183;0.7101;1
1;0.6000;0.6000;0.7272;0.7599;0.6721;0.2969;0.8593;0.8253;0.6307;0.6071;0.8285;0.7999;0.7659;0.7307;0.5926;0.6232;0.8311;0.8055;0.4706;0.5937;0.7999;0.6304;0.5789;0.4906;0.6567;0.6486;0.8055;0.5217;0.5757;0.4366;0.7560;0.7733;0.8775;0.7656;0.8103;0.7343;0.7021;0.8688;0.7916;0.5333;0.9220;0.5733;0.7746;0.8260;1
1;0.8166;0.8666;0.5454;0.6400;0.7377;0.6094;0.7656;0.8729;0.7692;0.8035;0.8714;0.8856;0.8084;0.8076;0.8518;0.7826;0.8571;0.8055;0.7450;0.8281;0.6200;0.5217;0.6316;0.3962;0.5224;0.3919;0.8610;0.7826;0.8030;0.8450;0.7560;0.8533;0.5918;0.6406;0.8620;0.8593;0.5957;0.6885;0.8194;0.7333;0.7921;0.6000;0.5493;0.6087;1
1;0.7500;0.6500;0.5682;0.5200;0.3935;0.1719;0.7968;0.5555;0.5846;0.6071;0.8142;0.6285;0.0001;0.4423;0.0742;0.0001;0.8181;0.5417;0.2942;0.9374;0.7999;0.1740;0.4211;0.5472;0.0896;0.3514;0.8194;0.1305;0.3940;0.5211;0.6829;0.7333;0.3266;0.6094;0.5517;0.2344;0.5745;0.6885;0.7222;0.7066;0.1040;0.0134;0.0283;0.1015;1
1;0.6500;0.7000;0.6363;0.5600;0.7540;0.6406;0.9218;0.9364;0.6615;0.5893;0.7142;0.6571;0.4255;0.6538;0.4815;0.5797;0.9739;0.9999;0.4706;0.7968;0.7400;0.5652;0.5614;0.4906;0.4478;0.5811;0.8194;0.9999;0.6969;0.6338;0.8048;0.8666;0.6122;0.7343;0.8965;0.8905;0.9148;0.7868;0.7777;0.6933;0.6363;0.7599;0.4930;0.5507;1
1;0.2334;0.0334;0.7272;0.6600;0.5738;0.3750;0.0782;0.0001;0.3693;0.1786;0.7714;0.7142;0.8723;0.8461;0.6851;0.6377;0.4416;0.1390;0.5098;0.6406;0.7799;0.6956;0.8420;0.7358;0.9402;0.9459;0.8333;0.6087;0.1364;0.1128;0.9024;0.8399;0.7346;0.7031;0.3966;0.2813;0.3830;0.4426;0.1390;0.2134;0.9090;0.9332;0.6338;0.6521;1
1;0.8666;0.7666;0.9317;0.7599;0.7049;0.5156;0.7968;0.7619;0.7384;0.7142;0.7857;0.8142;0.7659;0.8845;0.6481;0.6666;0.7792;0.6527;0.5490;0.6875;0.7599;0.6521;0.6316;0.7169;0.5075;0.5000;0.7777;0.4928;0.8787;0.8168;0.8292;0.9066;0.7959;0.8124;0.8448;0.7187;0.7872;0.7704;0.8610;0.7999;0.7142;0.7866;0.6197;0.7826;1
1;0.7000;0.6833;0.6818;0.7999;0.5901;0.4844;0.6406;0.6349;0.8153;0.7321;0.8999;0.8428;0.7872;0.7500;0.6111;0.7391;0.8181;0.7222;0.8039;0.9062;0.8599;0.8043;0.8947;0.8490;0.7313;0.6351;0.8055;0.7536;0.6969;0.7746;0.9024;0.8933;0.6938;0.7500;0.7758;0.7500;0.8935;0.9179;0.7777;0.8399;0.7921;0.7999;0.5493;0.5797;1
1;0.8166;0.7166;0.7045;0.8199;0.7540;0.5312;0.9062;0.7619;0.8615;0.6071;0.8714;0.9142;0.6808;0.6346;0.6666;0.7391;0.8571;0.8055;0.6862;0.6875;0.7400;0.7391;0.7368;0.7735;0.7462;0.5405;0.8194;0.6956;0.5909;0.4085;0.9024;0.8533;0.6122;0.6094;0.7069;0.6875;0.8297;0.7377;0.7500;0.5600;0.6623;0.4533;0.3381;0.3913;1
1;0.7666;0.7333;0.7272;0.7999;0.7049;0.7187;0.7656;0.8571;0.8307;0.8035;0.8571;0.8999;0.7021;0.7884;0.7407;0.8405;0.8701;0.8888;0.6470;0.8281;0.7999;0.9130;0.7017;0.6981;0.8059;0.7837;0.8472;0.7826;0.8333;0.8732;0.8292;0.8399;0.6326;0.7968;0.8103;0.8281;0.6808;0.8196;0.7916;0.9332;0.8051;0.8933;0.7323;0.8260;1
1;0.6500;0.5500;0.1819;0.2001;0.8360;0.6406;0.5469;0.7460;0.6769;0.6071;0.7999;0.7142;0.5957;0.5961;0.7222;0.7970;0.9350;0.8055;0.6666;0.8124;0.7999;0.8043;0.7368;0.6792;0.7761;0.7837;0.8472;0.7391;0.3788;0.4648;0.4634;0.7333;0.5102;0.7343;0.7069;0.6875;0.7021;0.9671;0.5000;0.5600;0.3896;0.4800;0.3381;0.5652;1
1;0.4000;0.4833;0.5909;0.7400;0.8196;0.7187;0.5000;0.9364;0.4154;0.3036;0.6285;0.7142;0.6170;0.7307;0.9629;0.8115;0.6623;0.5417;0.5294;0.6562;0.6200;0.5217;0.8420;0.7735;0.9402;0.9188;0.8333;0.6811;0.3637;0.4648;0.6829;0.8799;0.7551;0.8281;0.6551;0.6250;0.2128;0.2951;0.4167;0.4933;0.8830;0.8799;0.6760;0.9564;1
1;0.6833;0.7999;0.7727;0.9599;0.2460;0.2813;0.7968;0.8412;0.6923;0.7321;0.9856;0.9999;0.5106;0.6730;0.2223;0.3623;0.8701;0.8888;0.4902;0.7812;0.6800;0.8260;0.4211;0.5472;0.1792;0.1487;0.7361;0.6377;0.7575;0.8450;0.7317;0.8666;0.5918;0.7031;0.8620;0.9062;0.5532;0.9016;0.5139;0.9066;0.3637;0.4000;0.0283;0.0725;1
1;0.7666;0.7999;0.7954;0.7599;0.7377;0.5937;0.8593;0.8253;0.8768;0.7857;0.8285;0.9571;0.8510;0.8845;0.6481;0.7826;0.9090;0.8194;0.6666;0.8437;0.8399;0.7826;0.7719;0.8301;0.7910;0.7702;0.8055;0.7681;0.7121;0.7887;0.8536;0.8799;0.6938;0.7500;0.8275;0.8593;0.7659;0.8852;0.8610;0.8399;0.8571;0.8399;0.6479;0.8405;1
1;0.5333;0.6833;0.5909;0.5600;0.7049;0.7656;0.7812;0.7460;0.7846;0.7857;0.8428;0.8285;0.7021;0.6923;0.7777;0.8260;0.8441;0.8472;0.6078;0.8281;0.7599;0.8043;0.6666;0.6792;0.8208;0.9323;0.8055;0.8115;0.7878;0.8450;0.8536;0.8399;0.7346;0.8124;0.8965;0.8905;0.4468;0.7049;0.7222;0.7999;0.8181;0.9332;0.6056;0.8260;1
1;0.6833;0.5000;0.5909;0.4000;0.8032;0.7187;0.7656;0.8253;0.7999;0.5357;0.8714;0.6714;0.8084;0.7500;0.8703;0.8695;0.9480;0.8194;0.4902;0.5000;0.7000;0.5217;0.8070;0.6038;0.9551;0.8783;0.9027;0.6811;0.8333;0.7887;0.7804;0.7066;0.5714;0.6250;0.9137;0.8905;0.5106;0.5738;0.8472;0.8533;0.8051;0.7733;0.6338;0.6956;1
1;0.5167;0.5167;0.7727;0.7000;0.8524;0.4844;0.7500;0.7460;0.8461;0.6964;0.8428;0.8428;0.8510;0.6538;0.8703;0.7536;0.8571;0.8194;0.7450;0.8437;0.8599;0.6956;0.8947;0.6415;0.8954;0.8243;0.7638;0.5942;0.9090;0.8872;0.7560;0.8399;0.6734;0.6875;0.8448;0.9218;0.7234;0.7377;0.9027;0.7999;0.9480;0.7333;0.7323;0.7970;1
1;0.7000;0.6000;0.4546;0.3400;0.8032;0.5937;0.7812;0.8888;0.7077;0.6428;0.7428;0.6571;0.7872;0.6538;0.9999;0.8695;0.8960;0.8749;0.6666;0.6875;0.7200;0.5000;0.8771;0.5849;0.9551;0.8243;0.8194;0.7101;0.8181;0.7887;0.5366;0.6000;0.5714;0.5312;0.7758;0.8124;0.5532;0.6065;0.8888;0.8666;0.8830;0.8266;0.6901;0.7826;1
1;0.7666;0.8999;0.6136;0.6600;0.6229;0.5469;0.8749;0.8888;0.8922;0.8214;0.9285;0.8428;0.9148;0.7692;0.7962;0.7536;0.9480;0.8194;0.6666;0.8281;0.7799;0.8260;0.7894;0.6792;0.7313;0.7702;0.8333;0.7681;0.8181;0.8168;0.7560;0.7999;0.5510;0.7031;0.8275;0.7968;0.7659;0.7868;0.7916;0.7866;0.8051;0.5600;0.5915;0.5362;1
1;0.8333;0.8666;0.8408;0.8999;0.7049;0.6406;0.7343;0.6508;0.9076;0.8214;0.9428;0.8999;0.6595;0.8653;0.7222;0.6811;0.8701;0.7361;0.8235;0.9062;0.7799;0.8478;0.7543;0.8113;0.7910;0.7162;0.8333;0.5652;0.7575;0.8450;0.8536;0.8533;0.6530;0.6875;0.7586;0.7343;0.8510;0.9671;0.8194;0.8799;0.8830;0.7866;0.7464;0.8260;1
1;0.7500;0.6166;0.8636;0.7400;0.7049;0.7031;0.8124;0.8729;0.7538;0.6428;0.8142;0.7428;0.7872;0.8269;0.7962;0.9419;0.9350;0.8055;0.8431;0.8905;0.8999;0.8260;0.8070;0.7924;0.8954;0.9999;0.8472;0.7536;0.8181;0.8450;0.8536;0.8666;0.6122;0.6718;0.8792;0.8905;0.5319;0.5738;0.8194;0.8133;0.7921;0.9332;0.5915;0.8695;1
1;0.1501;0.3334;0.8636;0.0001;0.7213;0.4375;0.1407;0.5397;0.0616;0.5179;0.7142;0.4429;0.8935;0.8076;0.7222;0.1885;0.4026;0.4306;0.5098;0.3125;0.4400;0.5652;0.4737;0.3208;0.0747;0.1757;0.0418;0.3623;0.6060;0.3240;0.7804;0.0001;0.6734;0.0001;0.2242;0.4688;0.7234;0.7049;0.2500;0.3334;0.1559;0.0001;0.0987;0.1015;1
1;0.8833;0.7333;0.5000;0.1201;0.1804;0.1407;0.6875;0.4762;0.6307;0.2679;0.7857;0.5857;0.0214;0.0578;0.1297;0.3189;0.8571;0.8888;0.5686;0.4375;0.6400;0.5435;0.5263;0.2076;0.1642;0.2298;0.6250;0.8695;0.5303;0.3521;0.3903;0.3067;0.4082;0.1095;0.7586;0.5937;0.6808;0.6721;0.4445;0.4400;0.3896;0.2934;0.1832;0.2464;1
1;0.6166;0.5000;0.8408;0.5200;0.7213;0.3125;0.6718;0.5555;0.6615;0.6964;0.7857;0.8856;0.6170;0.4231;0.7222;0.4783;0.8701;0.7222;0.4902;0.7031;0.7999;0.6304;0.7543;0.4151;0.5821;0.5540;0.9582;0.9130;0.8484;0.5774;0.8536;0.6666;0.8979;0.6406;0.9999;0.8593;0.7659;0.7377;0.7083;0.6266;0.6753;0.3067;0.4930;0.3768;1
1;0.6833;0.6500;0.7500;0.7000;0.8196;0.6250;0.7031;0.6984;0.8615;0.6607;0.7428;0.7857;0.7659;0.6923;0.9258;0.7391;0.9090;0.6805;0.7254;0.6094;0.8199;0.6087;0.7368;0.6981;0.8059;0.7162;0.6805;0.3334;0.6363;0.6479;0.7317;0.7200;0.8775;0.7343;0.8275;0.6562;0.7021;0.6557;0.7500;0.7866;0.9090;0.7466;0.7042;0.7536;1
1;0.7000;0.7999;0.6363;0.8399;0.6065;0.6562;0.6875;0.8253;0.8307;0.7500;0.9428;0.8999;0.6808;0.6538;0.7407;0.7391;0.8830;0.6944;0.6274;0.4375;0.7599;0.1088;0.6842;0.2642;0.7761;0.5676;0.7500;0.1450;0.7878;0.8450;0.8048;0.8399;0.6938;0.7812;0.9137;0.7968;0.8084;0.8524;0.8472;0.8399;0.8441;0.7599;0.7323;0.8260;1
1;0.7999;0.9166;0.8181;0.8999;0.8196;0.6875;0.8749;0.8729;0.7999;0.7500;0.9142;0.9428;0.7872;0.8076;0.6666;0.6377;0.8830;0.7083;0.2353;0.5156;0.6400;0.5435;0.7017;0.5660;0.6567;0.5676;0.6944;0.4783;0.7878;0.7887;0.8780;0.8799;0.7346;0.7187;0.7241;0.6718;0.6595;0.7377;0.6944;0.7866;0.7662;0.6666;0.5634;0.4928;1
1;0.5333;0.7500;0.4546;0.8199;0.8196;0.8124;0.7343;0.8412;0.7846;0.8392;0.9428;0.9428;0.5957;0.7884;0.6666;0.7536;0.8571;0.8055;0.6274;0.8281;0.7200;0.8695;0.7017;0.7547;0.6119;0.7297;0.8610;0.5942;0.5000;0.8450;0.7073;0.9999;0.8367;0.9843;0.8965;0.9530;0.6170;0.8688;0.7777;0.7999;0.7532;0.7066;0.5915;0.8115;1
1;0.8833;0.9332;0.7045;0.7200;0.7049;0.6875;0.8593;0.9523;0.5846;0.6071;0.8428;0.8856;0.6170;0.5192;0.5741;0.7391;0.8051;0.7500;0.3530;0.8593;0.7999;0.7173;0.4211;0.2831;0.4627;0.5405;0.8055;0.9130;0.9090;0.9295;0.7804;0.7466;0.6530;0.5781;0.8792;0.8905;0.4468;0.7213;0.7361;0.7999;0.5974;0.4533;0.2395;0.2609;1
1;0.7833;0.8499;0.6136;0.6000;0.8196;0.6875;0.8437;0.8888;0.8153;0.8214;0.8285;0.9571;0.7021;0.8845;0.7222;0.8550;0.9090;0.8610;0.3530;0.5312;0.7200;0.6304;0.8245;0.6792;0.5522;0.5135;0.6111;0.4493;0.7878;0.8591;0.6097;0.8399;0.5918;0.6562;0.8275;0.8749;0.6595;0.8360;0.9027;0.8933;0.7921;0.8133;0.5493;0.7101;1
1;0.6833;0.8499;0.7272;0.7999;0.6885;0.7031;0.8124;0.8571;0.7538;0.8392;0.7714;0.8999;0.6170;0.8269;0.7777;0.8550;0.9090;0.8055;0.7254;0.8437;0.7599;0.8912;0.7368;0.6981;0.7910;0.7972;0.9721;0.8405;0.8181;0.9013;0.6585;0.8666;0.5306;0.6875;0.7930;0.8593;0.6595;0.8196;0.8055;0.8666;0.7792;0.7599;0.6338;0.7826;1
1;0.8833;0.6333;0.9999;0.8399;0.9671;0.4844;0.8281;0.7460;0.8461;0.6428;0.9428;0.8428;0.5106;0.7692;0.6851;0.8115;0.8181;0.7638;0.6078;0.7656;0.9199;0.8478;0.2281;0.2453;0.5522;0.5676;0.9305;0.7681;0.7727;0.3944;0.7804;0.6800;0.2245;0.1876;0.9137;0.8281;0.8510;0.7049;0.8333;0.5733;0.6234;0.4933;0.2536;0.1595;1
1;0.5167;0.5333;0.7954;0.6800;0.9179;0.6250;0.6875;0.8253;0.7384;0.5000;0.8285;0.7428;0.8723;0.9038;0.9444;0.9854;0.8571;0.8472;0.6078;0.6718;0.7599;0.5869;0.7193;0.6981;0.8507;0.9729;0.6666;0.7246;0.8484;0.7605;0.9024;0.8266;0.7959;0.7500;0.9482;0.8905;0.4681;0.5082;0.8194;0.7333;0.8830;0.8266;0.7042;0.8260;1
1;0.7500;0.6333;0.8863;0.7000;0.9179;0.6094;0.8437;0.8095;0.7999;0.5536;0.7999;0.7285;0.7234;0.8845;0.9444;0.7826;0.8311;0.7500;0.6862;0.6875;0.7400;0.5652;0.8947;0.8113;0.8954;0.8243;0.8194;0.5217;0.8939;0.8028;0.7804;0.9066;0.7755;0.6875;0.9482;0.9374;0.7872;0.6557;0.8194;0.7066;0.9350;0.8399;0.8309;0.8550;1
1;0.6833;0.7000;0.5454;0.5000;0.6393;0.5625;0.7656;0.8571;0.8615;0.7321;0.7857;0.7999;0.6808;0.7307;0.8148;0.8405;0.8960;0.7916;0.5490;0.6562;0.7799;0.6956;0.7017;0.5660;0.7611;0.6621;0.8055;0.5652;0.7878;0.8028;0.7560;0.8266;0.6734;0.7343;0.8448;0.7812;0.7659;0.8360;0.9166;0.7866;0.8960;0.7200;0.6901;0.7246;1
1;0.2834;0.8666;0.5227;0.7999;0.6557;0.6562;0.5469;0.8729;0.7999;0.8749;0.9142;0.9142;0.6595;0.6346;0.6111;0.8550;0.8701;0.8610;0.6666;0.6718;0.7599;0.5000;0.6666;0.7735;0.6716;0.7702;0.8055;0.7536;0.7121;0.8309;0.8048;0.8266;0.5918;0.7500;0.7930;0.8749;0.7234;0.8196;0.6666;0.7999;0.6493;0.7200;0.5634;0.8115;1
1;0.7833;0.8499;0.7272;0.7200;0.7213;0.6875;0.7656;0.7142;0.8768;0.8928;0.9428;0.9428;0.7659;0.8269;0.7407;0.8985;0.8571;0.8333;0.6470;0.8905;0.7799;0.7391;0.7368;0.6226;0.8805;0.8378;0.7638;0.6811;0.8030;0.8591;0.8292;0.8799;0.7959;0.7968;0.8792;0.8124;0.7021;0.8688;0.8055;0.7866;0.9480;0.8933;0.7746;0.8550;0
1;0.7166;0.7166;0.5909;0.6400;0.7540;0.7343;0.7968;0.9047;0.8153;0.7857;0.7571;0.7428;0.5319;0.6346;0.8703;0.8405;0.9220;0.9305;0.7450;0.8593;0.8199;0.7608;0.5789;0.4906;0.6865;0.7432;0.7638;0.6232;0.6969;0.7464;0.6341;0.7466;0.6122;0.6562;0.8792;0.9374;0.9148;0.9343;0.8610;0.9199;0.8701;0.8533;0.7183;0.8405;0
1;0.7500;0.8166;0.7045;0.7999;0.7213;0.7031;0.7968;0.8412;0.9076;0.8214;0.8856;0.8285;0.7659;0.8845;0.7407;0.8260;0.8051;0.7222;0.6862;0.7812;0.7599;0.6521;0.7368;0.7547;0.7462;0.7702;0.7638;0.6377;0.8030;0.8309;0.8536;0.9466;0.8571;0.8749;0.8792;0.8437;0.5745;0.6393;0.8055;0.7466;0.7921;0.8933;0.5493;0.6666;0
1;0.6833;0.6166;0.7272;0.8799;0.7377;0.6406;0.8281;0.8253;0.8307;0.7321;0.8714;0.8856;0.8510;0.7115;0.6666;0.7246;0.7921;0.7777;0.5490;0.6875;0.7799;0.7391;0.7017;0.4906;0.7164;0.6351;0.7361;0.5942;0.7424;0.7605;0.9024;0.8399;0.7346;0.7656;0.7586;0.7968;0.9361;0.8688;0.8749;0.8799;0.8960;0.8666;0.8309;0.7970;0
1;0.5833;0.7000;0.9545;0.7400;0.9016;0.7031;0.7656;0.8095;0.7999;0.7321;0.8999;0.9428;0.9574;0.9038;0.7222;0.7681;0.7662;0.6250;0.7058;0.5469;0.9199;0.6739;0.9999;0.9999;0.8805;0.8783;0.6805;0.4348;0.4394;0.4507;0.7560;0.8133;0.4490;0.8437;0.5517;0.5156;0.5319;0.6885;0.9027;0.8933;0.9999;0.9199;0.7605;0.8985;0
1;0.6333;0.7833;0.5454;0.7200;0.9016;0.8437;0.7812;0.8095;0.9384;0.9820;0.9142;0.9285;0.7659;0.8653;0.9073;0.9275;0.8830;0.7916;0.7254;0.9062;0.8999;0.8695;0.7894;0.7735;0.7313;0.8243;0.7500;0.6377;0.8030;0.8591;0.8048;0.8266;0.7959;0.7968;0.8792;0.8749;0.7021;0.8688;0.7777;0.7999;0.8960;0.8399;0.6619;0.7826;0
1;0.8333;0.9832;0.9090;0.8799;0.8852;0.7500;0.8905;0.8729;0.8922;0.7857;0.9428;0.9285;0.7446;0.8269;0.6851;0.7970;0.8830;0.8749;0.8235;0.9062;0.7599;0.7826;0.5965;0.6603;0.7164;0.7297;0.7777;0.6666;0.7424;0.7183;0.8048;0.9066;0.6326;0.6562;0.8103;0.8905;0.7446;0.8360;0.7361;0.7733;0.7532;0.7333;0.6338;0.6811;0
1;0.5500;0.5833;0.5682;0.6400;0.9016;0.7968;0.7343;0.8412;0.7692;0.5714;0.7714;0.7142;0.8084;0.7115;0.9444;0.9275;0.8051;0.7361;0.5686;0.5625;0.5600;0.3479;0.6316;0.5472;0.9104;0.7837;0.8055;0.6232;0.8030;0.9436;0.9024;0.8799;0.7551;0.7031;0.9137;0.9374;0.5745;0.5738;0.6944;0.8933;0.8051;0.7999;0.6760;0.7536;0
1;0.8333;0.8833;0.6136;0.6400;0.7868;0.6875;0.7187;0.9682;0.8153;0.7142;0.8285;0.7571;0.7446;0.7692;0.8703;0.8550;0.8960;0.7916;0.6078;0.7656;0.8399;0.4565;0.7017;0.7169;0.8208;0.7702;0.8333;0.7101;0.8636;0.8872;0.7317;0.8133;0.7755;0.7812;0.8275;0.8749;0.8297;0.8524;0.8749;0.9332;0.9090;0.8533;0.7887;0.8550;0
1;0.6000;0.6166;0.7045;0.7999;0.8196;0.7500;0.7656;0.7619;0.6923;0.5893;0.7571;0.7999;0.9361;0.9038;0.8148;0.8405;0.8181;0.7222;0.7254;0.7812;0.8199;0.7608;0.9297;0.8113;0.9104;0.8513;0.7916;0.6377;0.8787;0.9577;0.7804;0.9066;0.7551;0.7812;0.8275;0.8281;0.5957;0.6229;0.8749;0.8666;0.8701;0.8133;0.7183;0.8115;0
1;0.8499;0.7999;0.8408;0.7200;0.8032;0.7656;0.8749;0.9047;0.8153;0.8035;0.8856;0.8571;0.7872;0.8653;0.8333;0.8405;0.8571;0.7916;0.6274;0.7187;0.8399;0.7391;0.7719;0.5849;0.8059;0.7432;0.8333;0.6666;0.9242;0.8732;0.8536;0.8799;0.7551;0.7031;0.8275;0.8437;0.6383;0.7049;0.8333;0.8266;0.7921;0.7599;0.6056;0.7681;0
1;0.8166;0.6666;0.5909;0.6400;0.7049;0.5312;0.7343;0.7301;0.9845;0.7857;0.9428;0.8999;0.8297;0.8461;0.9073;0.7826;0.8960;0.7916;0.8235;0.9530;0.8199;0.8912;0.7017;0.6603;0.8507;0.8378;0.7916;0.7391;0.8484;0.8028;0.8048;0.8533;0.5714;0.6250;0.8792;0.7968;0.7234;0.8688;0.8055;0.8266;0.7792;0.8666;0.6338;0.6956;0
1;0.8666;0.8666;0.7727;0.8599;0.7704;0.6562;0.8593;0.8412;0.8461;0.7678;0.9285;0.9428;0.7234;0.8845;0.8148;0.7826;0.8701;0.8055;0.6078;0.7343;0.8199;0.7391;0.8420;0.7735;0.8208;0.8513;0.9027;0.7536;0.8333;0.8591;0.8048;0.8666;0.6734;0.7031;0.8965;0.8437;0.8297;0.8688;0.9444;0.9199;0.9350;0.8933;0.7887;0.9709;0
1;0.6000;0.6833;0.7727;0.7999;0.7377;0.6406;0.8281;0.8888;0.7846;0.8035;0.8714;0.9142;0.8297;0.8845;0.7962;0.8115;0.8701;0.8055;0.5490;0.7656;0.6800;0.6956;0.7543;0.8301;0.7910;0.8513;0.7361;0.7101;0.7727;0.8168;0.6829;0.8399;0.5918;0.7343;0.8103;0.9062;0.7234;0.8360;0.9166;0.9599;0.9350;0.9066;0.8309;0.9564;0
1;0.6833;0.7500;0.6818;0.7400;0.6721;0.6094;0.8281;0.8412;0.7846;0.8035;0.7857;0.8856;0.8084;0.8845;0.6666;0.8115;0.9350;0.8610;0.6862;0.7656;0.8599;0.8912;0.9122;0.8679;0.7313;0.7567;0.9444;0.7970;0.8181;0.8450;0.7804;0.8799;0.7551;0.7187;0.8965;0.8749;0.7446;0.7704;0.8888;0.8799;0.7402;0.7466;0.6479;0.7246;0