1	-0.21628241	-0.50531685	-0.59388851	-0.059934714	0.31763707	0.49505744	-0.44802125	0.22045482	-0.035769744	-0.058494454	1
2	-0.83279219	0.30723152	-1.1011604	-0.032647007	-0.30070606	0.10944956	0.067587722	0.64047047	0.13959921	0.084244087	1
3	0.062666153	0.25387039	0.4931687	0.24264778	0.27559236	0.13083123	-0.069520005	-0.2488649	0.68663767	-0.25060315	1
4	0.14383821	0.84621494	-0.25931753	-0.29774545	-0.54992023	0.60672225	-0.58169765	-0.55935832	0.089920516	-0.35253821	1
5	-0.57323568	0.29564129	0.16368378	-0.074833872	0.042995297	-0.13733349	0.59185977	0.40382481	-0.27100828	0.25408234	1
6	0.59545773	-0.3217976	0.11702851	-0.21737597	-1.0022817	-0.066567225	-0.007714831	0.020599789	0.81709529	-0.21046077	1
7	0.5945821	0.19016863	0.010733069	-0.039665112	-0.24654396	-0.6352501	0.26810935	-0.3781043	0.41260758	0.11456669	1
8	-0.018816638	-0.50455776	-0.50197223	0.76757613	0.23102401	-0.83180323	-0.35821431	-0.044564574	0.11538057	-0.47974851	1
9	0.16364618	-0.009755335	-0.47357303	-0.30324143	-0.16050235	-0.35177713	-0.32777969	-1.0044252	0.33581697	-0.073021294	1
10	0.087319571	-0.024110395	-0.1872146	-0.67368134	0.61827783	0.14044024	0.15718138	0.54195902	-0.25403894	0.37226901	1
11	-0.093354289	2.15959E-05	-0.59294311	0.23469156	-0.31563983	-0.27060466	0.053407038	-0.49059528	0.4281758	-0.44524802	1
12	0.36289527	-0.15892973	-0.52795146	-0.45178347	-1.1626056	-0.66676536	0.92410811	-0.34424432	0.13425173	0.069530929	1
13	-0.29415827	0.54750187	0.73623997	0.017939819	-0.61581827	0.53634313	-0.13755284	0.66973974	0.31248759	-0.11807215	1
14	1.0915929	-0.93699513	0.027871916	-0.31376561	0.52782419	-0.35604273	1.106277	-0.45462158	-0.52366897	-0.037729565	1
15	-0.068197942	0.21409164	-0.60865873	0.26769898	-0.056611995	-0.005642781	0.75426288	-0.20642886	0.76783519	-0.17928596	1
16	0.056965657	0.44781924	-0.020613567	0.27644176	0.18961181	-0.000408515	-0.9725393	-0.25308159	0.21721287	-1.0388174	1
17	0.53338411	0.36547867	-0.56417193	-0.10184524	0.47209986	-0.12471814	-0.84027139	0.8098739	-0.95856793	-0.071772855	1
18	0.02964073	0.28892867	-0.67463877	-1.0271623	-1.0602133	0.19828766	-0.28676707	0.040450356	0.23496976	0.69667074	1
19	-0.047824203	0.020157016	-0.13055081	0.066280366	-0.32233946	-0.13200668	-0.092908264	-0.54052825	0.63717557	0.32590205	1
20	-0.41617473	0.33854459	0.47673272	0.79647035	-0.35215086	-0.83200544	0.004467058	-0.56225891	0.31927123	-0.18856678	1
21	0.14720541	0.2844501	0.064322215	0.50920589	-0.50906861	-0.51448755	0.41847495	0.86783817	0.69039124	-0.33072153	1
22	-0.66809093	-0.12782271	0.32823376	-0.79020125	-0.091040934	0.12154735	-0.36113534	0.9687293	0.65992143	0.12447899	1
23	0.35716228	-0.18873448	-0.58390968	-0.03933096	0.76050662	-0.62829505	-0.36074524	0.81753411	-0.45471462	-0.19175808	1
24	0.81178103	-0.14794356	-0.23030259	-0.34082843	-0.019219382	-0.17359159	-0.1005905	-0.62797008	-1.1528025	-0.2642399	1
25	-0.34588785	-0.73756725	-0.13121998	-0.51227653	0.61372399	-0.4706861	-0.010232081	-0.10676875	0.89436512	0.027694182	1
26	0.42899834	-0.11700202	-0.60657603	-0.61717674	-0.3481024	-0.58728014	0.139445	-0.099466024	0.1953989	0.62688429	1
27	0.62700071	0.059222419	-0.6597185	0.14440351	0.003762243	-0.51057084	0.52914741	0.15374959	0.010161838	-1.2600018	1
28	-0.79686479	0.15740452	0.46560876	-0.2146515	-0.39144652	-0.20083337	0.31083664	-0.28616273	-0.2029885	0.29242806	1
29	-0.72048222	0.72175412	0.005622448	0.027900595	0.29346928	0.086832834	-0.87530764	-0.48882418	-0.76744727	-0.50403221	1
30	0.28557381	-0.17548737	-0.32257291	-0.18393678	-0.12560369	-0.058059247	0.34867378	-0.2234047	0.11068655	0.47214241	1
31	-0.19994279	0.31161693	0.4028644	-0.23248668	0.24006791	0.53205957	0.40574293	0.54104595	-0.68723933	-1.2119786	1
32	0.34499869	0.39952431	0.11581301	0.18548029	0.33407752	-0.12269315	0.31817247	1.186324	-0.41964277	-0.11191571	1
33	0.40781114	0.47044497	-0.49487984	0.36414147	-0.039160598	-0.75876957	0.65504017	0.11464417	-0.10432128	0.029034941	1
34	0.35595416	-0.49604587	0.66979285	1.0560801	0.44458631	0.00486708	0.16354876	-0.13331157	0.3779565	-0.21230701	1
35	0.64512488	0.10601758	0.14475102	-0.67864887	1.1546437	0.035686432	-0.33649658	0.35083609	0.18786723	-0.10145897	1
36	0.33430025	0.11894104	0.73945853	-0.51130507	0.26231934	0.15826791	-0.07466375	-0.24379525	-0.67270648	-0.75653849	1
37	0.59541904	-0.5038817	0.56901401	0.5189171	-0.005893662	0.24991283	-1.2245089	0.93123986	0.74093812	-0.56317593	1
38	-0.60122856	-0.37102238	-0.34206929	-0.19489977	0.45657041	0.63904207	0.23664281	0.55342556	0.016368069	-0.40750108	1
39	-0.009894779	0.54114748	-0.64596802	-0.69063281	0.027970339	-0.27390807	0.058472828	-0.61378286	0.93522641	0.18330713	1
40	-0.078358649	-0.065749851	-0.036463138	0.15777132	-0.55353495	0.1304042	-0.29555192	-0.33494256	-0.60449526	-0.29305338	1
41	-0.80204278	0.19494024	-0.16529944	0.77662128	0.24274885	-0.006588336	-0.32735384	0.67046473	-0.39131593	0.76870451	1
42	0.12865212	0.043993553	-0.42181382	0.35394694	-0.002502537	-0.290132	-0.54033093	0.19404166	-0.38364926	0.070035764	1
43	-0.52823646	-0.31773261	0.24888483	0.97869238	-0.13810893	1.0681542	-0.023865433	0.19652946	-0.053600052	-0.93138333	1
44	0.70757074	-0.27978665	0.74424524	0.25227118	0.63822624	-0.12880856	0.18967227	-0.85366679	-0.48852834	-0.22709655	1
45	-0.4025452	0.22182674	-0.27323795	0.93226451	0.93170031	-0.70476424	-0.16518052	0.11392932	-0.48199406	-0.32603705	1
46	0.26437151	-0.4749519	-0.42337908	-0.16990589	-0.26127965	0.88505045	-0.24994913	0.34281643	-1.1895862	0.051658938	1
47	0.10966034	0.39059081	-0.12316826	-0.5698897	0.051712223	0.16277299	-0.017989304	-0.31839506	-0.41909396	-0.11031581	1
48	-0.46095081	0.28448032	0.33151207	-0.10556174	-0.40382457	-0.55951979	-0.087380166	-0.50130278	0.12867282	-0.13952168	1
49	-1.0853372	-0.41085715	-0.42709869	0.59512247	0.34021929	0.31017507	-0.47863254	-0.092810336	-0.091917	-0.36683101	1
50	-0.029593912	-0.13280343	-0.60065741	-0.55810438	-1.1822949	0.63489092	0.64627395	-0.52701636	-0.083807648	-0.03226679	1
51	4.277998	4.8429312	4.9641912	4.3707923	6.0470326	4.9569846	4.9552684	5.4616035	4.986561	4.9959388	2
52	5.3061701	5.1133538	3.7927045	5.1563099	5.0400763	5.162646	4.4883679	4.9107235	5.0867881	5.4292191	2
53	4.3382485	5.498346	4.6528255	6.3451385	4.5313525	4.8324284	5.468769	4.7391475	5.4410839	5.3873941	2
54	4.6692117	5.6079559	4.3043055	5.1448481	5.3178694	4.8387754	4.4341404	5.715981	5.0911472	5.6529727	2
55	4.9269427	4.7286488	5.1648239	4.2885985	5.841014	4.8088129	4.644649	4.5649413	5.3776477	5.6157513	2
56	5.1240425	5.4561142	5.2992722	5.1233929	5.2968171	4.5233145	4.4152496	5.4037709	5.2540173	5.4792818	2
57	4.9616837	4.9139294	5.0735877	4.2821136	5.3950764	5.1167878	5.5327186	4.7446827	5.0659401	4.1727262	2
58	5.869085	4.8320227	4.9492805	5.0742866	5.0526269	5.6176223	4.6598031	5.3717571	5.1400521	4.504802	2
59	5.8109859	5.2707434	3.6825096	4.1534637	4.9207107	4.7107342	4.1371137	5.4239492	4.5085762	5.342618	2
60	5.3132179	5.4660556	5.0140267	5.3595942	5.4354537	4.7492313	5.4065998	4.5850496	4.5279563	4.512565	2
61	5.0459068	4.7148737	4.5618449	5.5708864	4.9026205	5.3614318	5.7209333	5.2664972	4.9934712	4.6966372	2
62	4.5961965	4.2506973	4.8672613	5.7759681	5.0377372	5.0197492	5.3361361	5.5164242	5.1771726	5.3433969	2
63	4.7693315	4.9748272	4.836211	5.6918151	4.7366826	5.7706394	5.0693325	4.473988	4.5526456	5.0100244	2
64	4.2970154	5.2765124	4.4208763	4.6209539	4.6572578	4.1494736	4.570233	5.1810569	5.4060555	5.5319003	2
65	4.8127352	5.0417489	5.2900266	5.2213314	4.8658062	4.4831293	4.6238747	4.9816067	5.0547687	4.3294751	2
66	4.7645444	5.7887618	5.1198779	5.455549	4.405827	4.6181462	5.6148075	4.3861822	6.365822	5.2397552	2
67	5.8756478	4.8346129	4.8245575	4.4629572	5.1242895	6.088213	5.5753772	4.8624506	5.2055396	4.183013	2
68	5.3766123	5.3975774	5.4460492	5.100881	5.0512258	5.215806	4.6959875	4.9197824	4.346569	4.2786675	2
69	5.0324947	4.6075999	5.7891494	5.3814316	4.9794966	4.7781174	5.403079	4.4582126	5.1919032	5.1468907	2
70	4.8536179	4.3684393	4.445913	4.3559064	3.8762088	5.0149979	5.1085664	4.0228936	5.2497518	4.929818	2
71	5.0414114	5.3333275	4.9870345	4.5235191	4.7446118	4.8421646	4.8132695	4.5452564	4.7446072	4.4348296	2
72	5.3830957	4.3036839	4.4446861	5.3890873	5.1246213	5.4889229	4.5839848	4.9972106	5.117461	4.853731	2
73	6.1184249	4.3497188	5.3754171	4.9968345	5.1845984	5.0091474	5.1434332	4.1382551	4.7010874	4.7087321	2
74	5.1634434	4.6974889	5.2500835	5.2622434	5.0895983	5.4089814	4.0905542	5.6315386	5.0103854	4.5518259	2
75	5.431652	4.2557177	4.7413696	5.6821359	4.9813583	5.3511706	4.2134743	4.6997833	5.2097214	5.1243005	2
76	5.3396933	5.2792715	4.7203953	5.2410197	4.1983451	4.8843647	6.0078328	3.9680376	5.5955519	4.2551683	2
77	5.2773788	4.8613229	4.6233147	4.6064671	5.169686	4.9431552	4.964009	5.0554555	5.3856071	5.1567543	2
78	5.5008152	4.3531576	5.4629063	5.3759996	4.9344326	5.0639703	6.3144547	5.7438071	3.677889	3.9874578	2
79	5.6296826	4.5557824	4.8757398	4.916556	5.2425949	4.6002952	4.8783415	5.0265011	5.1427149	5.2644949	2
80	5.0220755	4.50674	4.9250827	4.5918859	5.2993753	4.880694	5.0866382	5.0809904	5.4130463	5.1717354	2
81	5.3790963	-5.4630062	5.2204178	-4.5083139	5.3579834	-4.6935893	5.8421473	-5.1328375	4.9635996	-4.4558132	3
82	4.6540299	-5.0559593	5.282692	-4.1189397	5.799324	-4.021741	5.0597641	-5.7833477	4.5028451	-4.7497239	3
83	5.3400893	-5.4015148	4.6531887	-4.2862992	3.9676295	-3.8668368	5.3253337	-5.1973182	4.6263208	-3.6141052	3
84	4.4637295	-5.832503	5.4169346	-4.5441185	4.6281842	-5.1869793	6.0400304	-5.0719274	4.9845931	-5.0801546	3
85	5.449886	-5.4507003	3.8813108	-4.8365887	5.0880923	-3.8809806	4.8303876	-6.1671236	5.4941773	-4.7852557	3
86	3.9384538	-4.7058252	5.548822	-4.9651907	5.2639194	-5.0797901	5.3650564	-5.6787697	4.7004917	-5.9834087	3
87	5.1423561	-4.7229204	4.9991915	-5.7498813	4.7234237	-5.3516406	5.1469845	-5.9078443	5.7383218	-5.2730093	3
88	4.6333385	-5.2075863	4.1927133	-5.2091116	5.1491399	-4.7182615	4.5754456	-4.4457891	4.5930994	-5.9441974	3
89	4.6133122	-4.9691026	4.3856366	-5.0105184	4.3866966	-5.0251482	3.7330708	-5.0710574	5.3225198	-5.0539762	3
90	5.0759209	-4.7712842	5.1037023	-4.8857877	4.905162	-4.4182037	3.8105293	-4.4436217	4.3450403	-5.658072	3
91	4.8315784	-4.900493	5.110471	-5.5040979	4.8491433	-4.6705958	4.8268621	-4.720368	4.5662874	-5.3363159	3
92	5.4853804	-4.8712211	4.4969635	-5.3323111	5.478478	-5.7750443	4.6945313	-4.7608151	4.7628834	-5.4511824	3
93	4.9463818	-3.9596351	4.7734665	-4.7209117	4.7333171	-6.5145591	4.7959042	-5.3396923	5.1112087	-5.0773992	3
94	5.5067459	-6.1386183	5.6997266	-5.594271	4.5494591	-4.7297109	4.2921944	-4.8575167	5.9356614	-4.5263788	3
95	4.7623266	-4.8304888	4.769018	-5.3877407	4.5537242	-5.5044992	5.1135612	-5.6664676	5.0550007	-4.2248124	3
96	5.0344741	-4.8550531	5.016358	-4.864479	5.1393583	-4.5459764	5.103987	-5.3619901	4.7943296	-4.78548	3
97	5.199296	-4.6688696	5.3993916	-4.2325122	4.6270966	-4.2088484	4.6401409	-5.3318002	5.2556209	-5.2803973	3
98	5.5581631	-5.2904301	5.4484079	-5.5261413	5.8017318	-5.4895441	5.3788809	-4.9007784	4.4004417	-4.9103479	3
99	5.3102256	-4.556124	5.0689459	-4.6872207	5.2871348	-4.496049	4.1784323	-5.8974342	4.9518197	-5.3857544	3
100	4.8561628	-4.9140645	4.1904268	-5.398813	5.1603273	-4.9207543	4.4715935	-5.6938363	5.2229087	-5.4716949	3
101	4.3141133	-4.5755893	4.1766971	-5.156761	4.9243085	-5.2934636	4.8741691	-4.9011158	4.8520876	-5.7037847	3
102	4.6570658	-4.5181155	5.2143534	-5.3011049	5.1578811	-4.2129591	4.3507797	-4.2653361	4.9160019	-5.9530654	3
103	5.1658424	-4.339041	4.6313846	-4.3704698	5.6718513	-5.2583246	5.6166275	-4.8167534	5.0897717	-5.0326465	3
104	4.5011391	-5.0321725	5.2824631	-4.5707579	3.881084	-4.3861001	5.7473123	-5.2213877	5.2105591	-4.6639256	3
105	5.145709	-4.3414735	4.3079167	-6.0526459	5.6464532	-4.2080621	5.1179691	-5.0242813	5.8388392	-4.8969265	3
106	5.5535392	-4.8859913	5.230134	-5.1804686	4.8107706	-6.0444752	4.2978205	-4.9611457	5.9984745	-5.0040621	3
107	5.1224793	-5.7148186	5.3146918	-4.7232216	5.0012607	-3.5252273	5.3293955	-4.0210449	5.3484821	-4.9899791	3
108	5.0824879	-5.0748505	5.1899237	-5.7781919	5.4423204	-4.3219376	3.7216933	-5.036424	4.3168089	-5.2792233	3
109	5.2031157	-5.2524838	4.4933351	-5.1033329	5.2912252	-4.474966	4.7325273	-4.530595	5.1815226	-4.0569604	3
110	5.6079906	-5.8645707	4.8263786	-5.2127838	4.192878	-5.383585	6.6012623	-5.0398041	4.7164778	-5.1099875	3
111	5.7242122	-5.2087361	5.2209562	-4.7531109	4.2481672	-5.1288264	5.2195988	-5.4004796	4.477923	-5.7071977	3
112	4.4874313	-5.3074843	4.2048799	-5.4354538	5.286793	-5.6859226	4.4250493	-4.845288	5.3485696	-5.1514057	3
113	5.102709	-4.6396117	4.6492916	-4.9600862	4.5447315	-5.6338279	5.4433824	-4.4740868	5.2420129	-5.2847869	3
114	5.2944411	-4.8303181	4.4611997	-5.2608096	4.1843613	-5.4474741	4.8583068	-5.8321056	4.9031245	-5.0607474	3
115	4.8679882	-4.5585775	5.5011098	-5.7069304	4.8204309	-4.7054555	5.5176681	-5.545396	4.8109523	-5.1950853	3
116	6.2476589	-4.8578774	5.8647403	-5.1921466	4.8011919	-4.0786854	4.8175611	-5.0958654	4.5568131	-5.4221435	3
117	5.4279738	-5.0727707	5.3545161	-5.2289611	4.4193465	-4.3260163	5.6709937	-4.7682993	4.0799014	-5.8688784	3
118	4.5745232	-5.044823	4.6260516	-5.1457353	4.4450809	-5.2456264	5.5044359	-5.4620735	4.1859024	-5.2247601	3
119	5.4059394	-4.8554196	5.1144312	-5.150612	5.1453362	-6.088784	5.1069372	-5.3248286	4.4131057	-5.7739665	3
120	5.3501209	-4.4175846	4.8882517	-5.7942969	4.0448807	-4.8815002	4.850368	-4.6885534	4.7922946	-5.0478881	3
121	5.3799692	-4.5971353	4.5733624	-4.4528567	5.6573841	-5.3677056	5.1279246	-5.6675537	5.0875439	-4.5461428	3
122	4.1435454	-5.6778217	5.1728134	-4.3379166	5.3326596	-5.8897097	4.9045872	-4.4761556	5.1147166	-3.815199	3
123	5.7685106	-4.9395536	5.0548822	-5.0632398	4.8624427	-4.7759849	4.9604698	-4.5683364	4.3795557	-4.740116	3
124	4.1950766	-5.111089	4.4334805	-5.3685819	4.9884892	-4.709393	5.3499256	-5.3212056	5.350002	-4.7947375	3
125	5.554763	-4.7141338	4.6584382	-4.8931406	4.5460118	-4.5716963	4.6017299	-4.6699948	5.2134384	-4.4737075	3
126	4.445148	-5.1500702	4.8610719	-5.2002646	4.4781715	-5.1331316	4.5993582	-4.3529421	5.7274017	-4.7856081	3
127	5.1927347	-4.4328616	5.3273949	-4.9675311	5.1867578	-5.2087351	4.9962007	-4.8427105	4.7449069	-4.3524561	3
128	5.4826154	-5.0896782	4.375803	-5.8789978	5.4507662	-5.1029031	4.6365948	-4.5702135	4.9966717	-5.0930263	3
129	5.4091486	-5.7335334	4.7012305	-4.156626	5.6392696	-5.0871615	4.2545492	-4.935665	4.7372519	-4.9346333	3
130	5.0185244	-4.3023271	4.7590937	-4.8362999	4.9357718	-4.8912115	5.4351673	-4.9917161	5.358849	-5.3288135	3
131	-5.3796337	5.3706679	-5.1628548	4.7488006	-4.9775129	5.2654896	-4.5963735	4.5986531	-4.8772802	5.1572419	4
132	-5.2975849	5.4059898	-6.0061139	5.1047967	-3.7916954	6.0672489	-5.5137256	4.9958357	-5.7002595	5.7097854	4
133	-4.5938002	4.9285958	-4.2161698	5.3774	-5.1549459	5.1771803	-4.352752	5.3137855	-4.5152147	5.1636739	4
134	-4.9652296	4.9500708	-4.8833314	4.5259055	-4.9062085	5.1158499	-4.9925348	5.0771908	-4.2031511	5.2378265	4
135	-5.9168435	4.5999343	-4.6767901	5.3065784	-4.5261505	5.6439902	-4.8906475	6.2903673	-5.7189586	5.1993769	4
136	-4.0863186	5.2466245	-5.564706	5.8802514	-5.2628514	4.9932558	-4.1434058	4.3468769	-5.7671152	4.963615	4
137	-4.6729625	5.6187869	-4.9014808	5.0443811	-5.5578027	4.3333276	-6.0394025	5.5117631	-5.0373548	5.6573919	4
138	-5.7723847	5.6479756	-4.1515652	6.2977848	-5.7961599	4.7218285	-4.9435416	5.3888977	-4.9592703	5.4891397	4
139	-5.1875545	4.8609019	-4.6369832	4.6622651	-4.4125779	5.3777983	-5.5432457	4.5830578	-5.4216199	5.8610571	4
140	-4.8961558	5.1085636	-4.6037371	6.3934021	-4.757428	4.5440731	-5.7791553	4.7066683	-5.2823201	4.7938491	4
141	-5.3828073	5.315364	-4.6983217	4.9915866	-4.1772598	5.6858418	-4.6812972	5.0328319	-5.0141033	5.2825665	4
142	-5.0531776	4.7257257	-5.0292027	5.1358254	-5.2271166	5.1227901	-5.2022881	4.9938292	-5.621851	5.3699254	4
143	-4.8306153	5.1148158	-5.5543331	4.5429489	-4.4956159	5.0594223	-5.2016627	4.9615067	-4.6334803	5.1100691	4
144	-4.4832693	5.1776556	-3.9278853	4.0243146	-3.9752983	5.192345	-4.9579618	4.2207064	-4.9702101	5.6564035	4
145	-5.7024112	5.2606421	-5.6764107	4.8412909	-4.6989899	4.9649238	-5.2176745	5.8513033	-4.9254281	5.3145758	4
146	-5.5152851	4.6920147	-4.7714893	5.2941667	-4.9910702	4.7108453	-5.2813113	4.7655078	-4.2020715	4.4460064	4
147	-5.321686	5.6729017	-4.8044126	5.4144982	-5.8052129	5.2346539	-4.5609689	5.0473094	-5.3886252	4.7764993	4
148	-4.9146067	5.4874612	-3.9634933	4.1625747	-4.380624	5.6498437	-5.4073249	5.1435357	-4.2248613	4.6370036	4
149	-4.3275804	3.8110331	-5.1616592	4.0388533	-4.6582066	5.817399	-5.1291814	5.4596768	-4.4724992	5.1770227	4
150	-4.0318635	4.4538405	-4.2659338	4.7816689	-5.3903579	4.6485957	-4.7533504	5.255068	-5.0833271	4.746614	4
151	-5.6579199	4.0810728	4.1343708	-5.6116692	5.4000397	4.876871	-5.1489538	4.7350498	5.4341553	-4.6403497	5
152	-5.1507597	4.2488544	5.2393875	-4.8483976	5.4418935	4.9271296	-4.4228346	5.2705559	4.5975969	-5.1415317	5
153	-6.2997942	5.4095986	4.7760823	-5.3650487	4.8879075	4.4154961	-4.4769622	5.34086	4.6236534	-5.7124831	5
154	-4.6099611	4.8827161	5.1934073	-5.5717851	5.1484956	4.9889945	-3.9365629	5.2692823	4.6270938	-4.7692256	5
155	-4.6985295	4.1842011	5.0264794	-5.7065964	4.7394962	5.3091389	-5.3278868	4.7449823	4.8451731	-4.454258	5
156	-4.5286005	4.8410306	4.7569574	-5.2959089	4.9223203	5.9329325	-5.5711841	4.3389446	4.2390545	-5.5221475	5
157	-5.5119566	4.6018557	5.1222365	-4.7405562	4.9507508	5.0409374	-4.5254806	4.6946705	5.4132655	-6.421392	5
158	-5.0339149	5.3454001	5.3591545	-5.7464056	5.4985851	5.8039973	-5.2023041	4.7173455	4.6935064	-4.5015879	5
159	-4.9591198	4.9789949	5.0767426	-5.0433421	5.2172349	4.8096669	-5.1921646	5.0430875	5.4798642	-4.9617329	5
160	-5.8835134	5.1620206	5.0668914	-5.0063101	4.9871396	4.3502059	-4.7589899	5.3457507	5.9864938	-5.9333684	5
161	-5.890632	5.2532282	4.4969031	-5.172929	4.8100329	4.6380209	-4.7781128	6.0668754	5.1474789	-5.306807	5
162	-5.3301769	4.4857052	5.6532347	-4.5068445	4.8788022	4.7175082	-4.8094499	4.998568	4.8036743	-4.4153232	5
163	-4.3242917	5.0497132	5.5995685	-4.6783719	4.4174429	5.3108321	-4.4488258	4.9552384	5.2879633	-5.2875065	5
164	-3.9318152	4.9418247	3.7113322	-3.5400279	5.3783025	4.3322644	-4.5717766	4.8725091	4.4292904	-5.1323975	5
165	-4.9166083	5.3446194	3.9568649	-5.6242925	5.5820812	4.938446	-5.5892544	4.5628939	5.0305344	-4.9976389	5
166	-5.8526137	5.9416454	5.1930659	-4.9214426	4.4882727	4.4485926	-4.7990152	5.211464	5.0061588	-5.0197051	5
167	-4.8617359	5.1627173	4.5694844	-4.6056333	5.8507947	3.623412	-5.2921138	4.9333004	4.9159411	-5.2526963	5
168	-4.8027439	4.9523936	4.3845962	-5.2885415	4.7529138	5.1260084	-5.4897431	5.2697892	4.6563256	-5.5789161	5
169	-5.0492775	5.0155858	6.3207772	-4.7361828	5.0863568	4.5709259	-4.9424469	5.4375855	4.504675	-4.6447863	5
170	-4.9117751	4.6931002	4.5477982	-4.164153	5.1770307	5.5676817	-4.9657645	4.3746122	4.9751191	-4.635914	5
171	5.8467361	5.2697978	4.9487826	-5.285581	5.2575225	4.9860165	4.4342102	-4.8691236	5.315858	4.4839278	6
172	5.2286515	4.654102	4.666207	-5.7083056	4.6740044	4.2290081	4.2661124	-4.7132667	4.9812518	5.9018129	6
173	5.5335589	5.5420318	4.6471657	-5.5284714	5.0070236	4.9207978	4.6037754	-5.1036374	4.6036339	5.183287	6
174	4.9362128	5.314687	4.889949	-4.1166737	5.6064724	5.0455702	4.0713923	-6.345323	4.4793011	4.8406794	6
175	5.0940226	4.6219706	4.7746772	-3.9461107	5.7054471	5.1683061	4.8672081	-3.9220883	5.1491825	4.7482188	6
176	4.7733695	5.119414	5.0704244	-5.5112619	5.043264	5.4595155	4.5382771	-5.4787143	5.4887282	4.470002	6
177	4.6899547	4.3983626	5.7906756	-5.0560483	6.2726747	4.4142646	5.2939429	-4.0386674	5.6531155	5.650416	6
178	4.0373235	4.8458875	4.8514694	-4.96855	4.9571185	4.3934914	4.6507524	-4.4918512	5.4507036	5.4900875	6
179	4.2872666	4.2310434	4.8243735	-5.2196553	5.6434145	6.0080555	5.2929306	-6.3379531	4.6342758	5.2262979	6
180	5.1339966	4.6898693	5.4362724	-4.0824907	5.1238304	6.3520978	4.3055698	-5.0026137	5.4098792	5.2229121	6
181	4.8186922	4.8925803	5.4106088	-4.720032	4.8339875	5.457757	4.044245	-4.8744917	4.4981877	5.6483366	6
182	4.5079616	5.5409891	5.2986391	-5.3099725	5.9220906	4.7159768	4.502942	-4.6039921	4.937534	5.5667903	6
183	5.6824991	4.914497	5.0198214	-5.6234587	5.143543	5.2948672	5.3060061	-4.7038758	4.3233552	5.7308885	6
184	5.4334759	4.594855	4.4367487	-4.9524238	4.86538	5.0964451	5.5743696	-4.711266	5.6652542	4.4997933	6
185	4.7855271	4.9971436	5.3412115	-4.9667963	4.9088907	3.9661454	4.69408	-4.8546485	5.2253122	4.6807582	6
186	5.4858913	4.4185322	4.8640546	-5.6861085	5.1636006	5.034472	5.7790895	-4.7954978	5.4637357	5.6020828	6
187	4.4282739	4.6764717	5.08202	-4.6624767	4.9968316	4.9388805	4.9389964	-4.1624369	4.936552	5.5465321	6
188	6.0238263	5.7861429	4.7633363	-4.9716713	5.0321861	5.2269848	5.0611763	-4.7427098	5.1519218	5.5467246	6
189	5.0039025	5.0651022	5.2258867	-4.3384026	4.9158269	5.0459887	4.8547133	-5.0884763	4.4604752	5.0677074	6
190	5.3733799	4.597875	4.8644617	-5.1162445	4.5191378	3.2486669	4.7220964	-4.995152	4.3474816	5.1278444	6
191	5.0062639	-4.5632993	5.5699299	4.730241	5.415216	-4.4021526	5.0702703	5.3838973	5.5066217	-4.7277514	7
192	4.5337876	-4.9609961	4.4662262	4.5268272	4.953123	-5.3772034	4.5661203	4.8971183	5.2036725	-5.9024149	7
193	5.2320302	-5.5708241	5.3845549	4.8031201	4.7704578	-5.2048513	4.6724324	5.7503871	5.571573	-3.9024361	7
194	4.2630947	-5.1022404	5.5958014	5.0848003	5.0244948	-5.8855131	5.597341	4.4807093	4.5732758	-5.1039799	7
195	4.5671006	-4.8017775	4.9158495	4.3945402	4.3184363	-5.5037116	4.5518667	4.4517503	4.4334504	-4.6427226	7
196	5.0357983	-4.9855205	5.3528288	5.0285874	4.893465	-4.4057275	5.1629076	5.4542674	5.1706989	-4.3732416	7
197	5.315159	-4.953545	4.2336634	5.2204948	4.0894648	-4.849249	4.6909831	5.3815686	5.0249088	-4.6132496	7
198	5.3550291	-5.4238864	5.4363971	4.9850321	5.7337456	-5.2375568	4.3838157	5.0397269	4.5242803	-5.5596253	7
199	5.1065336	-5.8576688	4.1007216	4.9733431	4.7679407	-4.8470085	5.5727206	5.4179099	4.9663552	-5.1359194	7
200	5.9655059	-5.0955683	4.208752	4.2727228	5.3665585	-5.3148556	5.433699	5.8646844	4.1574433	-5.1444382	7
201	5.7356736	-4.6285478	4.6785437	4.6444514	5.9788037	-4.7331044	5.354568	4.731003	5.3383796	-4.8078069	7
202	4.6058472	-4.994025	4.9497071	4.4246422	4.5702194	-5.9051481	5.0853088	4.5739665	5.1280686	-4.9224048	7
203	5.6695224	-4.7473619	6.0463476	5.0531503	4.8324851	-4.4519904	4.9712284	6.1577697	5.3322071	-4.9597807	7
204	5.2743834	-5.0294171	5.4152525	4.8348121	4.7055993	-4.9318951	5.00537	4.7389096	5.5874682	-4.0212971	7
205	5.9623488	-4.7004049	4.9235059	4.7605571	4.8441497	-4.7078089	5.395097	3.8239395	4.6692049	-4.0201036	7
206	5.3066827	-4.3603908	5.4598171	4.6886722	5.4832241	-5.325706	4.9990238	5.2344526	4.7741225	-3.8783552	7
207	5.0234406	-5.5699921	5.055634	4.846279	4.0484909	-5.6228264	4.6255275	4.4579998	4.9509531	-4.4307844	7
208	5.2191726	-5.6001106	4.689786	4.5389506	5.554115	-5.640495	4.6006944	4.8603356	5.3432161	-5.4444179	7
209	6.0474427	-5.5536956	4.8078674	4.8144941	5.357754	-5.9676461	5.7324043	4.6279106	5.5323176	-5.8746031	7
210	5.0177732	-4.4757231	4.9172912	4.2674881	5.0932712	-4.9319306	5.0576959	4.8565257	5.1960041	-5.3803308	7
211	3.8398143	-4.6182482	5.2807818	5.0912831	5.3133491	-5.7516383	4.1883051	5.4096233	4.972622	-4.6462285	7
212	4.0847536	-5.3742819	5.1429885	4.5151719	4.8226629	-4.4081991	4.7439798	5.3097704	5.575146	-5.0324517	7
213	4.498379	-4.8208119	5.2541127	4.3423232	5.6735552	-5.2896855	4.8270854	4.7161583	4.7987448	-5.0395301	7
214	4.3171999	-5.6488525	5.3323219	5.4587723	5.0591291	-4.3711273	5.2658273	4.4023824	5.7142622	-5.081989	7
215	4.6211538	-5.0790965	3.9353457	4.5063827	4.7086779	-5.0272837	5.7479636	6.0544818	4.4090134	-4.3641415	7
216	4.8099893	-3.9344662	5.5034158	5.2229944	4.8154934	-5.5131839	5.6794199	5.1515649	4.8823191	-4.4871239	7
217	4.6520824	-5.0984198	4.9591943	4.9778186	5.7188911	-4.9455845	4.9680832	4.2517553	4.7992874	-5.0588209	7
218	4.1755189	-4.6730843	5.1853745	6.0669013	5.0337091	-4.2086975	4.8764449	5.2902188	3.8454287	-4.7389617	7
219	4.818185	-4.8172654	5.5812747	3.9854938	4.8859965	-5.1980376	5.2426519	5.0450511	4.6229095	-4.2227444	7
220	5.4227514	-5.1166869	5.2572907	5.2746738	5.2432313	-5.1559874	5.3427634	4.8750086	4.9301819	-5.1100782	7
221	4.8348016	-5.5427328	4.9810646	5.2958994	4.9571822	-4.8015307	5.2028827	5.2761247	4.7687744	-6.4319556	7
222	4.4453527	-5.9506809	5.9514951	5.3685835	5.1862417	-4.7533377	5.0315182	4.7049672	5.3831329	-4.4667496	7
223	5.06797	-5.1894391	5.4385699	5.0214131	4.9231049	-5.2152211	4.6444185	4.9083352	4.7361546	-6.5230719	7
224	4.8533007	-5.3985934	4.7724534	4.9515709	5.257637	-4.698329	4.6024443	4.1931174	5.3199776	-4.9071739	7
225	5.0830392	-5.5949118	5.2352662	5.5657046	5.6788207	-5.3579599	4.9709921	5.0683429	4.791383	-5.0416272	7
226	5.1846836	-4.6556285	4.9202513	4.508999	4.7936662	-5.0744597	4.6573024	4.9257959	4.4502613	-5.1558957	7
227	3.8669947	-5.3871855	6.4074546	4.6307751	5.3318659	-4.4281996	4.4458536	3.689828	5.5610101	-5.3368297	7
228	5.3256109	-4.8929577	4.6103237	5.0207715	4.7923662	-4.5294551	5.0977548	3.7238845	5.1979105	-4.6983271	7
229	5.1601226	-4.7921996	5.8317417	5.1860798	4.826867	-4.2557271	4.1991732	5.3663971	4.4929748	-4.3615599	7
230	4.7102721	-5.1494757	4.668171	4.0733735	4.9694009	-4.6902498	5.0242246	4.6155458	5.1292821	-4.7204387	7
231	5.3023892	-4.807213	4.6567172	5.0918343	4.8645531	-4.6096632	5.4692791	4.9158835	4.982668	-4.7828164	7
232	5.1881485	-4.1791576	4.7429525	5.0693261	4.7085213	-5.3303402	4.9831984	4.4196373	4.8003751	-5.0746511	7
233	5.2890911	-5.7304963	4.4992684	4.9692277	4.2942338	-4.7912224	4.6217064	4.9401919	4.6953753	-4.5040043	7
234	4.3063368	-5.3068944	5.17942	4.9121437	4.4667786	-4.7089659	4.7050463	4.4995723	5.2546948	-4.7113694	7
235	4.6843513	-5.2704443	4.7838057	4.7457544	5.2776932	-5.0781849	4.9817523	5.7393788	5.5119086	-6.0701666	7
236	4.6805241	-5.748015	5.1613376	5.7930879	5.7412582	-4.2201361	4.8369432	5.3652029	4.824763	-4.8239273	7
237	4.514766	-5.0129581	5.4102063	5.8297584	4.3800337	-4.2990325	4.4952044	3.9194432	5.707022	-4.7570838	7
238	4.9443148	-4.6062329	4.0640213	4.5751877	4.7578831	-5.1814388	5.4064835	5.7292922	5.1607368	-5.2438304	7
239	5.3352637	-3.8988159	4.1810359	5.1904445	5.3926995	-5.5620855	5.4975675	4.9208006	5.5102642	-5.0304708	7
240	5.5805706	-4.3065377	5.6471824	5.100302	4.9524893	-5.7844613	4.8993826	5.1549025	4.736206	-5.3328065	7
241	4.9288874	5.3253915	5.4849263	4.2288676	6.3169372	-5.3263972	5.2232353	4.9325572	4.6727731	4.194121	8
242	4.9244234	5.7413655	4.4689091	4.7879849	5.6240443	-4.3406359	5.3714327	4.8897449	4.7092199	4.8641427	8
243	5.1593599	5.2844788	6.2008101	4.5019244	5.1652338	-3.9869851	5.6322522	5.4859995	5.1398193	4.6020791	8
244	4.4406113	4.663856	5.8235374	4.6437169	5.0501361	-5.1409688	3.9354305	5.0376779	4.0272799	5.1543341	8
245	5.2416726	4.3116705	4.4804912	4.1625555	3.9497504	-6.1799644	3.9774057	4.7346896	4.3347776	4.9219711	8
246	5.2544948	5.6102398	5.0991745	5.1310657	5.5729675	-5.341124	4.691478	4.4355366	5.3821847	5.211806	8
247	4.5725656	4.9142657	5.2240852	4.8508449	4.9270659	-4.0756304	5.0944418	5.4431952	4.4536666	5.3839925	8
248	5.0178701	6.4052331	5.0438169	5.3215688	4.9258425	-5.1642135	4.4371902	5.3040155	4.8945264	5.037525	8
249	4.8218573	4.9676957	5.1993224	4.136694	5.1417487	-4.9440253	4.7518968	3.7322846	4.8649526	4.6055903	8
250	5.4245232	4.7142409	4.6621171	4.552434	5.0049059	-5.1048595	5.4128024	5.0298393	5.2565758	5.5785957	8
251	5.0677188	4.7311505	5.2462934	5.4011508	5.3276061	-4.8551766	5.1730591	4.8027635	4.4790379	4.1659082	8
252	5.379964	5.7194133	4.9801215	5.2191248	3.6170502	-5.5255366	4.6835513	5.1352186	5.3455269	5.2132616	8
253	4.2607921	4.6549939	5.3606835	4.3743566	4.5405161	-4.7450548	4.7640421	5.2721036	4.4387177	5.2229881	8
254	5.1099159	5.1593575	5.474453	5.3751571	4.8005734	-4.6130771	5.182818	4.6114652	4.3056246	5.1988901	8
255	4.3973051	6.1680123	5.188538	6.3123142	5.6196819	-5.5474453	6.2404631	4.813683	4.9578082	5.0022692	8
256	5.1040458	5.2994929	5.0839288	5.4171054	5.2460533	-4.999104	5.5416025	4.0848885	4.7335436	4.8246034	8
257	4.6604805	5.1207543	5.7707786	5.4285232	6.0281626	-5.1197996	5.4396082	5.0844742	4.4912606	4.9750687	8
258	5.3182293	5.5991094	5.1497813	4.8623015	4.235117	-5.2958654	5.1610041	4.6819892	5.1250656	4.5950482	8
259	4.5958587	5.45546	5.0754972	5.9910097	5.1982633	-3.8424848	4.5336959	5.5895242	4.7332766	5.0376915	8
260	5.040576	4.918144	4.9577449	4.6023138	4.8304516	-5.1125589	4.4548753	5.2503869	5.507931	5.4190993	8
261	5.0734661	5.222676	5.7456107	5.8880044	3.8568167	-5.3516405	4.2240508	4.4131979	4.884729	4.6258077	8
262	4.8854945	4.8871266	4.7401423	5.1784223	5.1532854	-4.6190835	4.3662505	4.3770429	5.2993973	5.5911688	8
263	5.839409	4.9606075	5.1577643	5.5445164	5.7786995	-5.3693908	5.4833019	5.3161411	5.9320359	4.8229168	8
264	5.6190445	4.5906636	5.6429167	4.3741988	4.6702589	-5.5419419	4.9793159	4.1240811	4.0411839	4.1267099	8
265	4.6686569	4.9286565	4.2621125	5.071032	5.0625482	-4.5168394	5.1495549	5.0222449	4.392241	4.8743532	8
266	4.0033887	4.8945955	4.501416	4.6209784	4.7843748	-4.3682359	4.7635357	4.6146179	5.6459799	5.7364556	8
267	3.8807706	5.4044519	5.2597204	5.0261244	5.3791707	-4.8165067	4.5603675	6.116466	4.4105857	6.1186932	8
268	4.569591	4.9054595	5.3178096	4.8322547	6.0162593	-5.1124342	4.9167083	4.9522286	4.965676	4.8703075	8
269	3.9364108	4.9768303	5.0509852	5.7379011	4.2480616	-5.1338337	4.8576717	5.5692332	5.1180311	5.5957717	8
270	4.8771526	5.6911956	5.2760039	5.3092083	5.3391173	-5.3451561	5.0335474	4.6761153	5.4214189	4.5608437	8
271	-4.9707063	-4.1943716	-5.1102368	-4.6863798	5.6023075	-4.8564099	-4.5500207	-5.1379266	-5.0671148	-5.5772483	9
272	-5.4527587	-4.8412249	-4.916031	-4.948603	5.3544604	-4.4338728	-5.2702715	-4.5845359	-4.8563554	-4.2786758	9
273	-4.5591606	-6.0010788	-4.5959973	-4.6235007	5.0671242	-4.3217737	-4.6634436	-3.9141842	-4.8153239	-5.1047931	9
274	-4.7404517	-3.8119916	-4.3016548	-5.4061758	5.0875201	-5.1459793	-4.855855	-5.3259391	-4.9370818	-4.8265424	9
275	-3.7250596	-4.9661441	-5.3349787	-4.524051	4.8409892	-4.199603	-4.3516077	-5.0735414	-4.9042959	-4.0019253	9
276	-4.580537	-5.1648091	-5.4690793	-5.5915888	5.1926811	-5.115608	-3.9942222	-5.1874973	-5.3111355	-4.4835053	9
277	-4.8324712	-4.6712477	-4.7019871	-4.4531677	5.6621462	-4.6248363	-3.4808908	-3.9348217	-5.4040594	-4.2007668	9
278	-5.2271337	-4.2206265	-4.9236559	-4.9680647	4.9371342	-5.6317605	-4.8196936	-4.6529335	-5.4362007	-5.6371148	9
279	-5.109719	-5.0155878	-5.7248572	-5.4445119	6.0095448	-5.5076436	-5.0535677	-4.9212644	-4.9302429	-6.0667353	9
280	-4.9223574	-4.2978027	-5.8678973	-4.1072397	4.8994744	-5.0939806	-5.4671375	-4.88115	-4.6953507	-4.8017705	9
281	-5.4524291	-4.8227848	-5.1055495	-4.9714135	5.5875453	-5.4127076	-5.6807122	-3.8436391	-5.0441065	-5.3630595	9
282	-5.5105171	-5.5190508	-4.4070722	-4.5076573	3.7419424	-4.6729813	-4.2542044	-4.7818575	-4.8295639	-4.9807155	9
283	-5.2179714	-5.1706237	-4.9023575	-5.7871786	5.6244848	-5.1929786	-4.4685922	-4.9201983	-5.0811934	-4.9440842	9
284	-4.3308929	-5.0418882	-4.8796635	-5.3368738	6.5434089	-5.5622402	-4.9596721	-5.5109213	-4.4391662	-4.8179243	9
285	-4.4651933	-4.5647686	-4.6984584	-4.4424705	4.8782991	-4.8106018	-5.9072469	-4.3048334	-4.3014635	-5.5700223	9
286	-4.5631472	-4.6711579	-4.6999543	-4.7554506	5.5271579	-4.7175212	-4.8451975	-4.4412289	-5.6330208	-4.5427787	9
287	-4.9767554	-5.1343993	-4.609755	-3.9298909	4.7998752	-5.1922418	-5.2738481	-4.8175233	-5.0549183	-4.8777439	9
288	-4.5959336	-4.9599327	-5.6152511	-4.8617323	4.668876	-5.3193965	-4.1790807	-4.3088944	-4.6768563	-4.9385767	9
289	-4.3042147	-5.0266574	-5.3666296	-5.4821589	4.7934171	-5.4473104	-4.917921	-4.3338922	-4.3489526	-5.415065	9
290	-4.8066098	-4.9893702	-4.8887341	-5.4373465	4.4674917	-5.2079109	-5.7551015	-6.3662634	-4.4268379	-4.4497973	9
291	-4.8008291	-5.1169485	-4.7077887	-4.3682027	4.4464672	-4.4321171	-6.0350095	-4.4398212	-4.6077478	-5.0063829	9
292	-3.8509505	-4.6865339	-5.41695	-5.7475481	4.2696374	-5.232707	-4.9766838	-4.9599548	-5.5391738	-5.0309466	9
293	-4.6395012	-4.4041193	-5.2732469	-4.7033945	4.8287391	-5.3137954	-4.8882968	-4.3440803	-5.9109384	-4.8753942	9
294	-5.4142683	-5.1655935	-5.3677499	-5.4456157	4.962277	-5.0538462	-4.3068679	-5.2124211	-5.2062603	-5.0938303	9
295	-5.0340271	-4.5994309	-5.61248	-5.3139083	4.6799357	-4.2304591	-5.1724149	-5.3094528	-4.9094284	-4.951984	9
296	-4.9721543	-5.7878608	-5.5431113	-5.2083383	4.2533781	-4.7076335	-4.3296819	-5.0121718	-5.5853418	-5.0345586	9
297	-4.9703219	-4.4803018	-4.3100971	-5.0538952	4.3551642	-5.5387098	-5.7621979	-5.0495767	-5.2189438	-5.01914	9
298	-4.8294385	-4.8919979	-5.0370992	-4.9760184	5.0157247	-4.4601529	-4.1561507	-5.6524987	-5.2322306	-4.3900346	9
299	-5.8153695	-5.458974	-4.8396355	-6.0659636	5.4233362	-4.7162733	-5.1725316	-5.7465284	-3.9599956	-4.8461042	9
300	-4.7227352	-4.5585298	-4.8450161	-4.615242	3.74754	-4.5220111	-4.4692057	-4.6862638	-5.4960738	-5.8488053	9
301	-5.1023581	-5.6413166	-5.4528291	-4.9773254	5.5005072	-4.8860782	-4.8415284	-4.7931429	-5.5283237	-4.2939981	9
302	-5.0876706	-5.1903701	-4.6322213	-5.2560564	5.3410137	-5.0314456	-4.8583038	-4.5233751	-4.0786192	-5.0312855	9
303	-5.1633153	-4.7334464	-5.3254527	-5.4106707	4.9530951	-4.9194271	-5.1153562	-4.6366066	-4.0218874	-4.3030135	9
304	-5.1352809	-4.9985583	-4.5974217	-5.0828642	5.2240109	-4.8148758	-5.7539315	-4.0919794	-4.6060479	-5.3220988	9
305	-4.8959237	-4.2038625	-4.7025317	-4.6267631	5.1380491	-4.9401951	-4.9104151	-3.9577316	-5.5850407	-6.2390735	9
306	-5.6465816	-5.3419909	-4.8771679	-5.4847211	4.3352671	-5.0639334	-4.6121527	-4.6254668	-5.1992635	-4.7997275	9
307	-5.0657244	-4.9673047	-4.9540588	-4.324841	4.3591606	-5.3906015	-5.2843485	-4.9930682	-5.8993507	-5.2245171	9
308	-5.396259	-5.5427885	-4.051097	-5.4020205	5.5305038	-5.2048119	-5.3934881	-4.6564359	-5.5074491	-5.3767339	9
309	-4.6246617	-5.9398824	-4.6653089	-5.5233058	5.5678488	-4.9466504	-5.1398108	-5.4291913	-5.4730474	-5.3686288	9
310	-5.1082876	-4.7713574	-4.8375324	-5.0562069	5.5253866	-5.7231504	-4.9419718	-5.0574074	-4.4522085	-5.5241399	9
311	-4.8346582	-5.3375277	-5.2192529	-5.1752193	5.8855652	-4.6182059	-5.0758186	-5.1347038	-5.3935205	-4.6785045	9
312	-4.959798	-5.8243011	-4.763378	-4.8111343	4.9930534	-4.6643213	-5.1156822	-4.950292	-4.8452887	-4.6123709	9
313	-5.107797	-4.9525659	-5.1130543	-6.3966676	4.4329645	-5.544537	-4.8713602	-4.7197189	-4.2250409	-5.5596396	9
314	-4.6792779	-4.5298312	-6.1422507	-5.3472713	4.9163545	-4.4174379	-5.47482	-5.4993081	-4.7814601	-5.4765407	9
315	-4.4349593	-5.2320471	-5.3129481	-5.2294673	4.5863173	-4.86048	-5.9400565	-5.539352	-5.2670595	-5.1153573	9
316	-5.6574695	-3.8932681	-4.9163026	-5.1773361	5.1659999	-5.2819417	-5.2137013	-6.2820715	-5.261252	-5.4182998	9
317	-4.8383783	-5.076439	-5.0102647	-4.9443926	5.29504	-5.93603	-4.533415	-5.1110756	-5.3690876	-5.8384947	9
318	-5.395108	-4.592454	-5.5043786	-4.9419965	5.5262711	-4.693711	-4.1460826	-4.8354519	-5.303023	-4.6393367	9
319	-5.1664994	-4.9034415	-5.0368295	-5.4527624	4.6952683	-4.697872	-5.472933	-4.7565117	-4.8041983	-4.6642437	9
320	-4.8380606	-4.1080991	-4.6928066	-5.7246185	5.4975538	-5.0567326	-4.921086	-5.5800852	-4.9637477	-4.9839226	9
321	5.4316628	5.2911888	6.4070891	4.3022421	-6.2305508	-5.0459283	4.3708252	5.5333682	5.2742946	5.2365751	10
322	4.7654996	4.6337332	5.6500392	4.682722	-5.6778334	-5.4277033	4.2077149	5.2677219	5.0460418	4.7243551	10
323	5.0962629	4.6077508	5.2551516	5.9219521	-5.8020173	-4.6916908	5.5453744	4.709391	4.5138159	5.4312562	10
324	5.2456241	5.5470669	4.8330472	4.9258275	-4.1771432	-5.1228493	5.3093401	5.4735882	5.8500415	4.22413	10
325	5.1335549	4.751012	3.9158811	4.9064152	-4.9140513	-4.9400132	5.2243153	5.1795205	5.5722817	5.2730475	10
326	4.5601652	4.6711377	5.9221652	5.0777245	-4.6119812	-5.1273543	5.0882126	4.9960162	5.4309329	4.5566255	10
327	4.6322343	4.9824201	4.4231476	5.927025	-5.4737823	-4.5840826	4.3214954	5.6377096	5.6303105	4.8649278	10
328	4.8060223	5.3814624	5.2454349	3.8604657	-5.0371487	-5.2209878	5.5967222	5.2949121	5.8152128	5.2235749	10
329	4.6501767	4.8700024	5.3826641	4.6669814	-5.2216429	-5.0323712	5.3137743	6.4931264	4.2512505	5.793206	10
330	4.2146284	5.4376258	4.3663067	4.1128957	-5.5623476	-5.5083624	4.434933	4.8198405	4.6681901	4.9117661	10
331	5.3777345	4.846468	3.9954856	5.0287666	-5.8026338	-5.1105866	4.6722948	4.8755709	4.6596792	5.2204507	10
332	5.2644869	4.7680064	5.5202276	4.7658322	-5.2832712	-5.1141614	4.8187727	5.3939945	4.615127	5.3227616	10
333	4.7008854	4.779271	4.9283995	5.4553526	-4.8672427	-5.6515427	4.7146142	4.4951749	4.4675751	4.1822161	10
334	5.741056	4.0092187	5.5095608	4.7594219	-4.6034362	-4.1343282	4.1739467	5.2689065	4.826882	3.7514195	10
335	4.9711886	5.4978348	4.5819481	5.1442854	-5.3018304	-5.9917904	3.8058839	5.4553136	4.6737837	4.5621963	10
336	5.6481065	4.951708	5.1716906	4.8502995	-5.8934576	-5.5812492	4.8060496	4.8065775	5.6570082	5.334314	10
337	5.5345755	4.9403291	4.8625034	4.681008	-5.2725263	-4.5989638	4.1118735	5.6017362	5.0558984	4.896851	10
338	4.8301952	4.5437653	5.0307442	5.2081068	-4.4099357	-5.4716795	4.8626342	5.9862815	5.3502278	5.8202017	10
339	4.7364418	4.9859069	5.3928597	6.1341733	-4.5300427	-4.5303504	6.0515224	4.3382707	6.0666618	4.6100085	10
340	5.5287075	5.1764747	5.0608715	5.2157151	-5.5779288	-5.1205363	4.736473	5.2491559	4.4810336	4.8277112	10
341	-4.3548038	-6.1713483	-5.438854	4.8201923	5.4408209	4.9741917	4.3371714	-5.1836612	-5.3990854	-5.4001683	11
342	-4.579641	-5.528645	-5.6507068	3.7425314	5.3695782	5.6037437	5.2815693	-5.6837628	-5.3882723	-4.6393235	11
343	-5.2638386	-5.0867263	-5.2569013	5.3216249	4.7298772	6.1184819	4.6789011	-3.7516323	-5.1274275	-4.6438233	11
344	-5.2556521	-6.0370316	-4.3781343	4.3400978	5.0769793	4.6539414	5.3041094	-4.4841867	-4.5207744	-5.8271398	11
345	-4.8337198	-4.2239807	-3.9074818	5.2169049	4.7566331	4.9022142	5.2583152	-5.9897221	-4.8835254	-5.0275315	11
346	-5.0121937	-5.6919885	-4.4720103	5.2978986	4.4642923	4.4245821	5.6243942	-5.0573979	-5.6855631	-4.8279963	11
347	-5.3309869	-5.3190291	-5.1957596	5.3771922	4.8427371	4.7533569	4.4527822	-4.098069	-4.9660399	-4.7832848	11
348	-5.5827816	-5.3559573	-5.2745708	4.8819556	5.4422833	4.5726911	4.6130312	-4.7429711	-4.4606373	-5.5383928	11
349	-5.4464847	-4.5090414	-4.9784387	4.5320826	5.108912	4.4966204	5.1822934	-4.8210028	-4.8532034	-5.2307956	11
350	-5.6985108	-4.7208171	-5.2220746	5.2358066	5.0156262	5.7987387	4.4413585	-4.7302194	-4.719054	-4.7100091	11
351	-4.7965814	-5.0530258	-4.4127184	5.5681311	5.9020637	5.5276798	4.6652546	-5.0600895	-4.4101862	-4.8573676	11
352	-5.6838097	-5.235728	-5.4387625	4.3858373	4.3329189	4.500397	4.9574983	-5.4825945	-5.1940304	-5.1329212	11
353	-5.5907865	-4.9669109	-4.68364	4.1012371	4.713595	4.9598813	4.8548197	-4.6159113	-5.0849188	-5.0630541	11
354	-4.2198598	-4.3369369	-5.9977566	4.4464484	4.5807247	5.713087	5.3812498	-3.832377	-5.0900017	-4.9985418	11
355	-3.9217585	-4.8215644	-5.1518918	4.6296542	4.3026019	5.1675156	4.6479096	-5.7207934	-4.9948645	-5.9117261	11
356	-3.8522077	-5.269428	-4.1917463	5.8126826	5.6295818	5.6784329	5.2542902	-4.8484308	-5.0612179	-4.8216935	11
357	-5.3215432	-4.4344905	-5.2336388	3.5676659	5.7152746	4.19107	4.701327	-4.708689	-4.9583351	-4.3369228	11
358	-5.7028819	-5.2136884	-5.1043058	4.8861085	4.7861042	5.1966563	4.5167766	-4.4976939	-4.4093506	-6.0284381	11
359	-4.342072	-5.2466624	-5.2009812	4.8389761	4.0946146	5.2915825	5.8304294	-4.9454635	-5.6228587	-4.9515242	11
360	-5.7209922	-4.9997101	-5.6937881	4.7124042	5.7227477	4.6167376	4.9524265	-4.652805	-5.3914785	-5.0039857	11
361	-4.9003462	-3.6852056	-4.6405541	4.624265	4.6076308	5.7904423	4.9191547	-3.9447731	-5.2870101	-4.6217838	11
362	-4.4356491	-3.6845274	-5.0777461	4.497836	5.5443522	5.2468609	4.6899695	-4.9285937	-5.1907373	-5.2850914	11
363	-4.7708232	-4.9386516	-5.2192235	5.640503	5.5641668	3.8992435	4.7965213	-5.6982206	-5.4175206	-5.1318545	11
364	-5.6572841	-4.5307266	-4.1106856	5.2219219	4.997102	4.2946841	5.5260245	-5.8620788	-5.7204751	-4.7945714	11
365	-5.1353634	-4.9862841	-5.8817853	4.5908451	4.09571	5.6181706	4.6395554	-5.3975682	-5.0868383	-5.0284531	11
366	-4.4504897	-4.9909163	-4.4962409	4.6577595	5.0360454	5.0159882	4.5510875	-4.6747213	-5.2557595	-4.445012	11
367	-4.8354048	-5.148053	-4.1620833	4.6560624	5.2609092	5.6060677	4.7966264	-4.6759834	-4.9866106	-4.330823	11
368	-4.9331494	-5.696705	-5.0797621	5.3619471	5.9191807	4.9493227	4.2058743	-4.6081122	-5.2238248	-5.1986846	11
369	-5.1862598	-5.8709181	-5.4380968	4.9642923	4.8621163	5.2244682	5.1562096	-5.1958666	-4.851705	-4.7576951	11
370	-4.8990966	-5.5581929	-4.1495013	5.1180368	4.9716779	4.3023049	4.6668243	-5.8141568	-5.4331953	-5.2489914	11
371	-4.2807531	-4.7010613	-5.4770712	4.6813311	5.426199	4.7268433	6.1192702	-4.4807299	-5.6047866	-4.3750327	11
372	-4.9794404	-4.2019667	-4.8763027	4.5234795	5.0048186	4.8338712	5.4080284	-4.891585	-5.0054424	-5.9147226	11
373	-4.2280673	-4.7153082	-5.4883724	5.5784912	5.34166	5.5668292	4.4852666	-5.2429201	-4.4025235	-5.3451373	11
374	-4.6667019	-5.8730404	-4.0832896	4.8924336	5.7646668	4.7677791	6.0025045	-4.5422302	-5.4869768	-3.4775855	11
375	-4.7383288	-5.1501879	-4.9069928	5.5113395	5.0369753	5.0584318	5.0104382	-4.6804517	-5.0377962	-4.7021355	11
376	-5.2538467	-5.7959997	-4.706069	5.2216086	5.5731837	5.0069109	4.6786733	-5.2839272	-4.5998353	-4.5925329	11
377	-5.4207162	-4.2922154	-5.1477558	4.6057127	5.1696147	4.6753701	4.6224449	-4.7139088	-5.159686	-4.5445338	11
378	-5.121119	-5.1484613	-4.1464808	5.6549644	4.9161476	5.5748593	5.0649849	-4.865516	-4.5662814	-5.1315974	11
379	-5.0028519	-5.5810343	-4.7793432	5.0836691	5.274249	5.7036345	4.964019	-5.0040308	-5.0864269	-5.1866688	11
380	-4.5244121	-4.6303393	-4.9778692	5.3732314	4.7552998	5.1478874	5.4454563	-6.070791	-4.2984869	-4.8733855	11
381	-4.2854104	-4.9481942	-4.939611	4.5608539	5.4679611	5.2880522	5.0398591	-5.5104648	-6.1039648	-4.8338855	11
382	-5.1419461	-4.4449924	-5.2633559	4.9299059	4.9257802	5.3610918	5.0701533	-5.2999691	-5.6706421	-5.0568431	11
383	-5.7229126	-4.6819147	-4.8660223	5.16268	5.2522644	4.363953	4.3828424	-4.4395492	-5.1454438	-5.9647194	11
384	-5.5219612	-5.3659723	-5.1636215	5.0940511	3.9526119	5.6255062	4.5937258	-4.9507825	-4.7561128	-4.5204788	11
385	-4.0114485	-5.2745999	-4.9260451	4.9562047	5.4217862	4.0082713	4.776363	-4.8948279	-4.5109718	-5.2875813	11
386	-5.3484184	-5.5527581	-3.3328155	4.5317052	4.5082297	4.4969095	5.8188048	-5.3743771	-4.4819647	-4.5235581	11
387	-5.7556908	-4.5233915	-5.2624465	5.4033354	4.539207	4.7080898	4.1133368	-5.6390531	-4.3658955	-5.0163518	11
388	-5.100935	-4.3013528	-5.372003	4.6682505	5.1422652	5.1973182	4.4795305	-4.7033735	-4.3226256	-5.0082074	11
389	-4.9740309	-5.5131718	-4.546075	4.6722521	5.6260892	5.1651276	4.7953523	-4.6735787	-4.5885221	-5.2838533	11
390	-5.0419875	-5.0333193	-5.2531154	4.8165705	5.5826398	4.7071678	4.8720126	-5.3355979	-4.8377187	-5.7956115	11
391	-4.566558	-5.3221743	4.6986126	-5.1778936	-5.2495149	5.1753831	-4.7689532	-5.3596029	4.8331653	-5.0374386	12
392	-3.7842153	-5.4527702	4.5032969	-5.1638413	-4.186261	4.6021203	-4.3557664	-5.1099654	4.5711191	-4.6066532	12
393	-4.9448982	-4.6416603	5.5944742	-4.9584572	-5.1194987	4.6888792	-5.4780514	-4.7124937	4.6142075	-5.0685331	12
394	-4.9867755	-5.0036682	6.1940046	-4.7833077	-5.4808365	5.714941	-4.4021338	-4.9149269	5.7321704	-4.6817663	12
395	-4.5148381	-6.4073997	6.1327614	-5.6115073	-5.0763592	3.9575473	-5.2027863	-5.2478888	5.5459202	-4.2109686	12
396	-5.0026299	-5.0747728	6.1505365	-6.3679689	-4.1584833	5.0168477	-5.3016892	-4.3986567	4.8915975	-5.0154472	12
397	-4.2952291	-4.7112527	4.8649618	-5.267514	-4.2224257	4.992164	-4.0831934	-5.0560291	5.7099639	-4.8418378	12
398	-4.1210747	-4.6234417	5.2514184	-3.8954977	-5.5251128	4.722851	-5.4826336	-4.7185916	5.3134258	-4.0076156	12
399	-4.5574943	-5.0834925	4.9404046	-5.302867	-4.951629	4.4182012	-5.1984795	-5.015329	6.1107585	-5.3225188	12
400	-4.429569	-5.290908	4.9990555	-4.2824223	-4.8741865	5.050016	-4.9550842	-5.661425	4.3538021	-4.8433617	12
401	-4.7983919	-4.8171211	4.7836755	-4.4026031	-3.8763927	5.2391297	-4.8680198	-5.5414963	5.5851607	-4.2038151	12
402	-4.9044957	-5.2744597	4.9025889	-4.6284276	-4.84477	5.8873347	-4.8539164	-4.9212424	4.4105701	-5.4865914	12
403	-5.3468133	-4.7106316	5.4926755	-5.0606999	-4.0042087	4.7647254	-4.6091231	-5.7331979	4.7160525	-5.5738704	12
404	-4.9944819	-5.9778995	5.2342982	-5.01558	-5.0596312	4.5373623	-4.7979944	-4.6632239	5.5886504	-5.7422499	12
405	-5.5527932	-4.7389969	4.3175494	-5.5015141	-5.1363642	5.0007733	-5.1627141	-4.8187351	5.1128554	-5.4830439	12
406	-4.0460133	-4.1994323	5.1368445	-5.5190268	-4.2777726	5.3186496	-5.1869305	-4.6967322	5.3788037	-5.0198282	12
407	-5.0827058	-4.6337204	6.3233416	-4.685708	-5.0372066	4.2155259	-5.1471368	-4.9629032	4.5758146	-6.0609748	12
408	-5.3662149	-4.7221264	4.9731231	-4.5660959	-5.1812567	5.3500906	-5.8589473	-4.4597418	5.9297596	-5.9182105	12
409	-5.4953703	-5.406673	5.2362557	-3.9641243	-5.3885159	5.4868773	-5.0269668	-5.3312093	4.9820216	-5.7710068	12
410	-4.5528474	-5.2694873	3.959983	-5.2972048	-5.1250563	4.9647616	-4.8910698	-4.7623008	6.2957565	-5.1176978	12
411	-4.7758867	-4.3460618	4.598753	-4.7068578	-5.2093413	4.9831598	-3.913384	-4.3778595	4.654368	-4.4002896	12
412	-4.5553906	-5.2412893	4.7716034	-4.2372022	-4.29256	5.1512341	-4.7137916	-4.9851789	4.2117332	-5.016586	12
413	-4.4633316	-5.8762235	5.0969285	-3.9284226	-5.4236954	4.6716876	-4.5924926	-4.6541502	4.6949354	-5.2706828	12
414	-5.0523672	-5.4632849	5.4447627	-5.373021	-4.9169348	4.9738959	-5.5394257	-5.3428005	5.1883477	-5.0337073	12
415	-4.2263405	-4.5387802	4.2041653	-5.7657445	-5.0240951	5.386586	-5.2899485	-5.0215661	5.636409	-3.871995	12
416	-4.915083	-4.9794993	4.8390119	-5.1066117	-6.4886121	4.8400739	-5.9378579	-5.7738252	4.7041184	-4.8938174	12
417	-4.5979759	-4.7931763	4.6481012	-4.7537377	-4.4965005	4.4397053	-4.5412549	-5.5359054	6.1248001	-4.905796	12
418	-5.8620147	-4.701378	4.6278567	-5.1616392	-4.5578153	5.7303117	-5.2734693	-5.1105471	4.9918378	-4.8576304	12
419	-4.9129335	-4.037865	5.1856436	-4.5888851	-5.2029313	5.2045312	-5.3025527	-5.8378831	5.3678772	-5.764786	12
420	-5.2420424	-4.6429406	5.7186378	-5.7071468	-6.3095856	5.5662926	-4.9873669	-5.8490693	4.6795728	-6.1851186	12
421	-5.3658136	-6.1561686	5.2299566	-4.4281473	-5.4842947	5.2850135	-4.8692547	-5.0542613	5.7221713	-6.0160355	12
422	-6.0659523	-4.3096423	5.3303691	-4.510489	-4.7223383	4.5411411	-4.6282559	-5.1503849	4.4204945	-4.3898753	12
423	-5.9051829	-4.3046485	5.5621839	-4.7537151	-4.6202729	5.8504801	-5.0810025	-5.6841583	5.3431554	-5.1823926	12
424	-5.0261692	-5.2269519	5.4897059	-4.3710737	-5.2860239	4.9876001	-4.7821469	-4.63113	5.3652015	-5.316381	12
425	-5.0431062	-5.3141524	4.3417845	-4.7029506	-4.4209754	4.6151172	-4.5693662	-5.2021605	5.257253	-5.111277	12
426	-5.5948688	-4.4883876	4.9883943	-4.7727502	-5.1540002	4.5812368	-4.9679623	-4.5716098	5.8479109	-4.9097099	12
427	-5.3770706	-5.2445553	5.0672734	-5.7089246	-4.9984146	4.9541201	-5.8636295	-3.3281449	4.6618351	-4.5514443	12
428	-4.526361	-5.2012024	6.2040626	-5.459952	-5.7030306	5.3150661	-4.6419792	-4.6867746	6.7063776	-5.6152442	12
429	-5.091314	-4.3001587	5.4508523	-5.7240717	-4.1879528	5.1922706	-4.9816842	-4.3601977	4.8026277	-4.9373137	12
430	-5.0331339	-4.8597194	5.0380926	-5.7406263	-4.9301898	4.6950442	-5.092437	-5.3706185	5.6029358	-4.5963067	12
431	-4.5474911	-4.0595638	5.1808713	-4.9513516	-5.9083217	4.7931617	-5.4073718	-4.4829434	5.1539013	-5.5326729	12
432	-4.270892	-5.3998367	3.9706654	-5.1131294	-6.3945755	5.5590445	-4.5050149	-5.309112	4.7567846	-6.0045576	12
433	-5.558992	-5.2803494	3.8339837	-5.1586099	-4.8687927	4.6498342	-5.890846	-4.7881186	4.8344851	-4.8784174	12
434	-4.0933525	-4.1455627	4.8145476	-4.6829857	-4.940389	4.8249656	-5.0220152	-4.5525529	5.3883442	-4.9252678	12
435	-4.9246234	-5.322405	5.6428419	-4.9805239	-4.8338465	5.9083914	-4.5548971	-5.1187377	4.8336578	-3.696106	12
436	-5.1414969	-5.7112478	5.2785228	-5.0082142	-5.2232733	4.1799479	-5.2280676	-5.063968	6.0481726	-5.0266108	12
437	-4.1749389	-5.3779684	4.9098855	-4.7752407	-4.9973794	5.1385312	-5.9518521	-4.4902623	5.1943934	-5.0073499	12
438	-4.6668109	-4.9212401	4.9821622	-5.2611575	-5.1030345	4.6627414	-5.1960534	-4.1257838	4.6737417	-5.2583644	12
439	-5.1731808	-4.8108269	5.9672052	-5.5275488	-4.9752277	5.101948	-5.5535016	-4.5062703	4.9716184	-4.3963414	12
440	-5.1320209	-4.9106676	5.652787	-5.023915	-4.5370216	5.6536902	-4.1212588	-5.2100389	5.2112674	-4.9446058	12
441	-5.1636305	5.3585862	4.995218	4.3843517	-5.3271856	4.8982896	5.6786844	4.5703888	-5.07771	5.3462308	13
442	-5.0189315	5.1465524	4.9498305	5.3472563	-5.4016046	4.5740182	4.747728	3.865729	-5.21594	5.0765684	13
443	-4.3131382	4.1263666	5.5594856	4.4028571	-4.3362261	5.0109203	4.6483573	5.8279264	-4.9518785	5.317737	13
444	-4.8460794	5.4790087	5.6527806	4.9514264	-6.3114028	4.6979463	5.3102856	4.5028755	-4.720575	5.6670285	13
445	-4.8782737	4.6999189	5.0288793	4.5644042	-4.3985111	4.8408904	4.9498824	5.1718994	-4.9898156	4.379819	13
446	-4.7964679	5.2428929	4.6532956	4.806084	-4.9331909	5.2887925	4.7982105	5.6137403	-4.5564268	5.1336711	13
447	-5.8311796	5.5842681	5.0127366	5.1542711	-5.4878065	5.3073326	4.8086759	5.0346776	-5.1264321	4.3892937	13
448	-3.9787016	5.4687577	5.1039147	5.3406187	-4.7334702	4.3524637	5.0640564	4.2145569	-4.3654346	4.8564026	13
449	-5.2675996	4.670013	5.316021	4.3264603	-5.4044601	5.4760972	5.5466883	4.098958	-5.5139381	5.0526725	13
450	-3.9327307	4.9824578	3.3573181	4.457372	-4.4095694	4.6907232	5.2358531	5.6430452	-4.9416396	4.2993282	13
451	-5.0128913	5.4621099	5.7428363	4.6110919	-4.1186814	4.3947041	5.6331212	4.529603	-5.6748995	4.3449156	13
452	-4.6799658	5.6175327	4.1142369	4.6196472	-4.1515168	3.6863903	5.5884134	5.1459534	-5.4011004	5.1169494	13
453	-5.2445592	5.2961603	4.5634169	5.2821816	-5.0755467	4.312648	5.1067981	5.4668619	-5.4822838	5.0439075	13
454	-4.1926467	5.7687476	4.2127563	4.6982768	-5.4361911	5.0128095	4.7665209	5.658235	-4.7674109	5.4542171	13
455	-4.9439507	5.4666481	4.6024021	4.5637132	-5.4303743	4.6459843	4.6505309	5.1663408	-5.1627128	4.0679248	13
456	-4.9905365	5.2641506	4.3348218	3.80282	-5.5261691	4.0773859	5.2308889	5.2560404	-5.3920888	5.2815621	13
457	-4.7168558	4.6414974	5.2013494	4.8044578	-5.3231344	5.5053342	5.4712598	5.025447	-4.9533131	5.2398678	13
458	-4.4433367	5.1476469	5.7196192	5.2197581	-6.104599	5.8150441	5.2088097	5.0843553	-5.0241127	5.7270421	13
459	-5.5142002	5.3782555	4.5542307	5.4423186	-4.7955496	4.9194748	5.2818397	4.7775828	-5.1972059	4.9797907	13
460	-5.6758942	5.5283384	4.6607047	5.355614	-4.700874	5.1839804	4.6177814	4.7342529	-5.6090705	5.0895553	13
461	3.9481265	5.2775579	-4.7296308	5.4672183	5.6846059	-4.5952315	4.7989438	4.3745813	-4.9315427	4.9885957	14
462	4.6676578	4.0211873	-4.6580393	5.6142912	5.2084387	-4.0356034	5.4570655	5.6188586	-5.0078041	5.0552981	14
463	5.7250549	4.6197734	-5.2950259	4.8752568	5.0343704	-4.8019715	4.9320204	5.7640823	-5.4692455	5.4064053	14
464	4.8350973	3.7780568	-5.1305421	4.6462087	5.1470937	-5.4306996	5.6570965	5.8884614	-5.7390427	4.4954507	14
465	6.3509362	4.6703172	-4.2414658	4.7030878	5.2363164	-3.7840321	5.1611806	5.3155838	-4.8190345	4.497714	14
466	4.1825306	4.9426104	-4.4963707	4.8688448	5.8913673	-5.4202588	4.761752	5.0416293	-4.7611043	5.1414791	14
467	4.7318374	5.1500397	-4.8482895	5.6214237	5.1302885	-4.8597746	5.0380808	6.0700217	-4.8391292	5.1448751	14
468	5.2736113	4.7080022	-5.4085403	4.2255489	5.7553639	-4.589792	4.9474266	5.6317347	-5.9387872	4.8763517	14
469	5.7463015	3.4631277	-5.245596	4.8066199	5.1584842	-4.3860861	5.7085067	4.1246774	-4.6597371	4.8905678	14
470	4.7723784	5.7755208	-4.5662667	5.1375491	5.4017364	-5.0317825	5.3539553	4.9927838	-4.883301	5.4493436	14
471	4.7517922	4.7963156	-4.8196051	5.4130771	5.2904368	-4.6773676	5.1839588	6.2340509	-4.3802542	4.6788934	14
472	5.6176301	5.7140476	-5.0401854	4.5103607	5.8892922	-5.8856588	4.6985778	4.6654208	-4.9371695	4.9097776	14
473	5.0204632	4.3233789	-4.6253495	4.9478516	4.5309626	-4.9701942	4.5739451	5.1299633	-4.9101397	5.3589565	14
474	5.3742337	5.451985	-5.8959841	5.0639245	4.5416638	-5.3800887	5.3275612	4.8138361	-5.3025304	5.1506931	14
475	5.6153818	5.2708354	-4.3933872	5.0312718	5.1880029	-5.8454507	5.735092	5.6592768	-5.5184252	5.7744475	14
476	5.1524514	4.7674899	-5.030262	5.1858121	5.4548899	-4.4481639	4.5947983	4.6734594	-5.1476391	4.9778788	14
477	5.5388856	6.2152077	-5.1962601	4.9480187	5.077125	-4.2687501	4.3619213	5.0310897	-4.2719428	4.9851746	14
478	5.3825755	6.0102396	-4.6952265	4.6516123	4.898868	-4.8818935	5.861134	4.6320633	-4.0987375	4.8089451	14
479	4.3402099	5.3986436	-4.6782101	4.8065886	5.7443538	-5.5488453	5.0509388	4.9103381	-5.6668068	4.7230354	14
480	4.7454043	5.0154982	-4.4902394	5.0080669	4.6891806	-3.7923837	4.5990014	5.5423374	-4.8063714	5.4661791	14
